356
127
410
368
131
69
128
341
446
374
458
105
10
401
165
489
367
490
426
232
238
199
205
0
62
457
332
348
461
17
307
169
497
38
139
18
470
85
392
280
42
254
33
207
243
400
50
21
485
288
220
190
140
134
147
325
483
194
142
130
191
63
20
320
54
492
430
422
34
185
308
94
208
144
302
45
284
22
87
425
157
235
102
48
296
486
30
340
49
51
12
456
89
154
448
372
428
482
57
88
76
337
297
5
14
282
23
369
236
15
417
384
353
299
224
350
210
292
242
158
164
141
221
111
260
290
402
455
416
281
439
306
375
11
174
478
265
377
66
476
161
333
36
406
499
197
316
339
70
67
8
267
277
466
136
435
193
37
219
212
96
434
40
117
95
450
351
25
447
176
295
135
431
180
188
361
496
474
114
52
82
125
182
433
2
123
449
151
460
229
28
13
376
266
484
259
276
71
209
200
184
39
335
275
250
362
378
264
79
258
444
269
211
477
257
472
65
132
249
107
467
58
101
160
463
227
407
159
427
495
301
313
218
29
443
7
162
110
481
195
90
389
354
204
226
233
414
187
364
357
251
64
223
334
126
445
394
366
47
326
303
360
382
155
73
148
363
104
408
268
93
55
291
181
329
342
60
43
72
311
256
359
346
294
424
56
385
253
319
380
324
396
203
246
286
370
145
358
352
198
305
344
230
421
53
179
272
175
404
440
86
106
304
137
1
271
150
108
381
287
388
328
462
451
423
345
129
411
244
78
186
365
310
283
412
393
300
120
289
237
241
109
216
118
263
6
318
399
201
279
183
479
247
24
143
261
225
441
231
315
213
314
498
35
138
252
80
491
44
156
379
338
442
459
488
206
98
113
347
454
202
432
386
171
192
215
119
331
413
228
270
355
31
177
68
487
469
3
26
41
27
122
59
32
239
493
398
9
387
149
168
146
46
464
437
121
97
61
403
163
317
234
4
248
327
309
371
84
74
75
494
196
124
429
167
173
133
255
321
436
373
217
453
152
91
83
323
336
465
390
240
274
19
262
166
100
397
172
418
475
473
322
298
116
405
153
77
415
438
81
16
349
330
222
112
471
189
92
103
214
452
170
420
245
409
395
468
285
293
480
273
115
278
391
343
312
419
383
178
99
