160
36
155
170
118
11
142
132
196
179
121
70
184
172
27
34
40
83
72
198
30
63
147
150
173
114
59
122
47
124
82
35
32
4
154
43
98
86
78
159
62
41
48
123
135
21
57
165
171
176
69
18
101
103
53
133
107
128
6
197
120
84
108
134
191
115
52
189
106
10
16
24
109
139
0
178
81
138
26
67
23
187
31
75
50
190
54
131
13
94
181
3
33
182
87
15
96
25
92
151
97
195
199
162
177
66
163
60
85
130
183
76
116
20
125
39
90
136
137
110
88
37
8
126
71
51
149
193
152
99
166
17
168
5
28
174
45
12
127
93
185
157
161
141
164
91
80
56
65
111
117
112
100
38
89
104
79
169
156
44
49
14
73
64
148
95
77
113
68
158
140
42
119
19
143
167
192
129
102
2
7
153
74
180
105
29
186
194
145
22
1
146
46
61
144
9
188
175
55
58
