341
939
565
736
930
174
921
58
924
762
169
109
138
373
835
213
198
567
245
494
43
823
290
687
28
684
464
734
118
685
451
57
602
187
339
776
460
398
52
223
919
161
361
292
348
575
843
915
172
689
959
347
979
998
375
15
462
461
124
932
146
927
989
748
466
681
876
431
280
150
350
793
863
995
141
790
190
409
315
879
368
662
210
718
390
225
180
851
701
112
981
453
98
447
486
327
374
917
607
620
401
92
615
894
882
805
303
549
36
23
212
598
741
175
273
228
737
803
209
191
254
657
677
581
383
947
540
260
293
352
534
586
691
136
727
867
700
325
960
654
852
234
459
80
971
514
221
299
544
154
682
491
694
942
410
340
646
944
880
585
635
75
73
714
773
391
255
427
243
489
238
323
853
965
426
264
871
580
362
275
241
772
967
240
68
847
825
703
922
898
769
217
160
472
802
755
313
40
78
125
246
396
452
672
660
253
37
201
441
229
46
266
284
320
516
53
889
539
713
26
381
751
504
147
956
652
807
632
257
767
669
968
831
336
60
27
697
54
543
750
82
668
423
988
156
91
496
140
128
397
165
133
926
393
90
66
193
10
861
20
321
408
829
948
531
796
457
929
277
206
446
444
931
760
370
153
30
244
449
914
789
811
812
650
485
203
239
380
442
661
613
648
108
392
93
152
815
305
667
901
647
934
690
458
746
692
642
584
896
233
251
744
235
786
74
326
771
618
558
923
226
177
783
594
258
912
236
842
808
469
445
552
242
29
358
167
777
765
595
754
666
18
51
885
612
309
149
200
957
949
862
630
891
319
377
44
537
610
99
869
117
887
184
354
846
813
651
675
337
634
918
656
975
328
105
704
503
502
785
211
513
680
985
386
189
895
890
56
897
83
2
659
858
116
562
538
804
730
32
702
482
215
468
265
64
306
249
406
655
800
576
45
310
343
743
333
261
421
801
878
810
39
791
412
797
600
342
400
173
570
950
683
996
779
205
488
367
476
676
982
822
686
798
176
735
478
475
550
301
437
506
787
157
5
833
816
314
532
519
219
49
492
984
498
144
407
304
546
530
162
48
644
574
673
938
707
259
14
42
551
24
487
143
330
913
693
604
616
94
248
631
216
569
523
573
603
119
181
84
0
521
434
302
163
994
653
597
403
207
778
520
720
12
72
936
568
542
640
279
997
467
388
130
41
218
425
317
497
329
490
197
495
440
633
844
17
312
405
300
536
77
76
561
903
508
986
101
599
470
860
870
845
888
122
645
688
916
185
747
3
456
21
937
55
761
267
559
123
439
972
256
935
96
120
195
820
757
62
977
376
840
1
88
316
781
884
961
404
145
809
902
454
183
643
178
582
250
438
134
555
978
608
770
780
106
529
135
590
115
626
759
560
970
296
627
308
828
745
596
709
199
129
963
71
294
196
593
774
97
271
579
414
628
524
589
107
976
103
335
980
606
566
636
168
758
819
22
578
792
463
719
286
715
617
61
705
564
85
518
548
577
252
345
717
892
19
525
455
832
394
59
297
587
480
164
351
515
946
344
65
864
522
904
928
202
732
230
148
436
910
766
499
16
728
507
712
481
500
188
974
127
471
806
725
366
338
100
592
389
272
7
509
220
664
355
33
699
155
547
868
991
435
38
572
850
925
621
881
222
838
784
182
285
639
111
814
553
86
448
865
263
384
638
731
571
614
50
429
527
953
512
818
883
733
545
849
430
232
186
270
4
908
854
794
47
834
11
821
711
70
951
724
132
874
877
288
788
591
941
415
276
81
126
710
873
67
159
166
224
171
893
721
349
274
450
696
678
192
422
729
379
102
857
958
237
402
432
372
346
505
214
742
836
782
768
356
114
859
311
674
269
855
722
933
695
363
87
382
158
749
278
385
247
875
624
413
194
962
69
637
726
465
911
625
113
9
964
954
775
629
554
706
25
973
281
359
839
671
905
95
307
716
764
334
993
298
131
830
137
417
665
872
752
428
324
817
416
588
473
104
583
739
526
291
528
322
679
295
411
605
698
501
484
353
990
992
841
34
827
31
738
443
611
907
556
79
424
365
940
6
952
227
563
826
533
763
89
13
479
332
360
35
369
609
283
483
753
708
170
510
943
433
357
987
856
142
331
955
999
110
795
420
121
920
619
623
649
179
723
387
208
139
418
477
601
886
824
474
395
517
287
204
262
63
557
511
378
371
364
282
983
658
906
670
966
622
151
909
541
866
8
945
756
268
641
419
969
799
399
289
899
663
535
837
318
493
900
740
848
231
