200 10000
35 146 49
17 66 8
127 195 29
121 167 25
54 25 32
8 100 28
156 196 50
1 179 29
69 185 15
152 27 21
8 6 2
167 139 1
98 176 14
109 186 2
136 57 49
113 127 36
60 89 15
174 57 49
118 75 2
107 143 42
26 48 41
186 76 8
191 86 47
183 129 28
130 172 13
78 73 38
128 130 26
151 9 31
63 191 26
107 171 12
94 141 45
199 173 48
96 23 29
170 131 7
42 134 26
95 126 47
8 121 3
79 181 40
152 149 26
166 44 11
129 59 1
198 52 35
141 60 26
132 89 37
91 118 18
169 141 39
187 2 25
190 132 9
133 144 14
110 15 31
94 146 36
52 130 27
125 92 27
89 1 35
139 160 51
157 85 30
154 8 15
163 46 36
150 47 6
142 66 3
173 19 6
5 116 1
64 69 8
160 48 23
75 18 11
41 66 34
44 169 18
166 183 19
117 180 21
128 122 8
7 80 25
88 108 51
49 67 7
65 187 33
54 156 28
6 58 2
102 38 3
185 42 29
181 130 44
110 140 15
162 178 34
116 58 34
167 8 26
173 148 21
169 162 28
16 189 20
33 55 4
79 19 5
80 77 48
41 107 37
65 34 1
144 10 38
56 146 30
44 181 40
131 10 25
52 89 7
53 147 44
111 152 13
127 27 43
100 76 33
128 5 21
157 103 19
5 41 13
84 145 51
35 87 28
55 69 44
25 98 36
89 176 35
125 197 35
61 17 47
11 22 9
44 43 35
86 154 33
66 95 22
88 30 19
61 155 50
184 126 9
149 142 50
27 83 3
105 19 25
38 33 22
30 158 38
97 20 37
141 58 37
21 69 24
76 145 35
30 118 18
28 12 19
4 158 43
4 24 27
30 11 13
62 151 27
42 30 29
43 175 16
41 191 7
112 97 35
76 141 17
183 123 21
26 54 42
82 11 2
3 76 47
153 82 29
101 81 26
154 117 8
65 56 51
159 139 45
121 170 23
67 47 35
54 79 13
64 93 6
72 23 49
115 24 42
148 165 22
59 100 20
11 84 12
82 149 20
63 86 7
140 157 38
153 24 16
57 6 16
103 19 18
142 19 47
20 6 41
3 75 49
92 127 31
40 26 33
84 20 33
171 45 12
199 39 10
82 79 7
182 132 39
76 33 14
37 140 47
9 81 40
173 142 48
177 53 12
77 111 35
41 13 46
171 64 17
17 175 29
111 141 17
139 113 35
117 3 26
87 44 17
125 7 51
166 107 37
5 16 45
91 149 9
152 33 9
67 71 26
145 103 12
157 23 15
125 2 12
136 82 33
167 113 44
164 188 15
62 81 32
176 123 15
183 106 22
144 157 47
168 71 42
57 13 5
196 131 42
95 41 33
197 53 20
77 178 20
142 96 11
119 153 6
32 156 33
147 97 12
40 65 28
194 14 32
175 101 46
164 90 25
132 43 35
187 11 34
24 66 41
26 69 48
22 36 50
158 169 44
180 21 29
62 98 28
102 43 21
113 33 40
125 55 8
111 154 35
105 31 43
76 72 16
97 192 36
2 49 34
113 149 2
8 161 39
63 67 14
45 73 10
139 52 18
80 150 49
65 175 29
44 140 23
126 108 8
197 54 37
99 53 19
28 7 8
146 192 1
140 76 44
195 186 42
35 20 33
96 147 20
112 129 44
92 195 34
83 1 8
114 184 29
90 79 35
103 87 51
188 175 37
127 29 42
97 98 14
143 1 18
163 154 47
190 187 33
51 119 39
133 105 48
183 79 45
44 116 40
172 136 13
93 135 1
174 100 38
110 104 22
160 150 47
180 192 5
127 191 16
164 167 19
162 6 27
185 162 10
163 102 51
70 46 50
19 199 39
3 90 17
182 106 44
140 78 10
119 67 32
44 120 33
12 70 33
26 191 38
109 18 23
18 169 29
6 43 33
182 42 45
24 103 41
177 71 39
78 54 34
54 61 22
69 18 5
179 134 43
95 120 33
143 189 4
44 77 42
189 183 36
70 92 40
190 60 26
144 103 12
124 67 40
85 184 15
67 157 46
63 170 2
160 104 21
111 195 16
69 49 5
161 188 11
149 114 38
187 38 39
68 118 34
42 36 50
36 184 29
93 80 49
103 62 8
184 53 46
175 79 5
28 59 26
83 127 7
48 12 4
153 6 49
56 175 3
127 181 34
186 157 29
88 170 18
31 157 45
45 25 15
103 60 32
116 97 49
44 60 16
73 119 36
149 100 14
116 184 17
85 128 38
29 55 6
12 4 1
123 82 25
149 74 13
103 41 49
166 39 51
8 4 25
38 171 35
15 145 25
66 34 6
119 167 20
4 10 35
16 135 9
11 71 50
31 111 6
49 8 32
164 34 48
72 176 13
170 115 25
85 162 18
67 165 41
151 152 12
90 110 39
179 144 41
134 16 23
141 106 35
52 183 35
109 170 5
183 69 48
157 185 49
19 65 12
25 39 4
53 110 3
14 164 6
132 121 33
95 26 21
11 33 35
9 114 43
33 102 49
182 115 2
189 135 18
24 65 21
22 78 3
99 15 47
67 81 48
34 67 51
98 30 44
78 25 28
63 129 36
53 85 22
131 101 38
124 27 9
168 115 34
144 185 38
180 134 35
8 75 48
41 52 24
100 134 21
25 105 23
33 148 5
12 77 42
137 81 27
77 82 23
70 84 48
192 134 33
3 135 8
39 82 47
18 116 18
123 117 24
190 98 6
149 15 9
13 135 32
148 65 51
63 180 37
192 87 24
165 95 26
79 119 39
88 137 33
43 8 10
65 176 15
145 35 8
48 197 27
187 159 4
26 140 44
53 67 5
162 147 34
165 21 5
56 165 12
131 111 2
152 95 32
182 73 15
52 154 32
61 109 29
173 94 35
49 124 47
19 66 27
52 3 48
137 198 25
132 125 5
104 158 33
149 150 28
11 91 30
179 177 42
2 139 8
78 132 48
81 199 35
166 147 36
73 135 27
139 133 27
155 162 38
79 116 20
34 130 29
151 36 36
198 42 17
163 3 28
189 170 37
10 95 27
103 73 43
193 172 2
99 69 30
70 96 41
192 124 50
87 100 30
30 124 23
38 107 10
5 45 17
95 33 38
74 106 17
132 74 48
108 177 18
111 86 50
125 56 46
126 103 46
109 24 5
34 53 10
59 187 2
27 65 10
123 199 7
103 167 47
48 1 6
110 157 4
141 56 35
109 89 4
167 27 48
142 174 27
172 190 8
68 176 18
46 123 51
181 13 51
55 174 42
23 100 8
172 115 19
175 131 32
101 30 39
123 28 10
99 158 45
52 43 34
66 107 48
138 74 32
163 140 14
195 160 22
125 27 1
194 187 43
89 182 18
15 139 41
113 77 49
26 59 33
71 70 46
64 106 10
105 144 41
154 15 35
156 131 10
106 70 18
123 179 20
69 126 14
128 95 39
121 62 22
46 156 49
47 190 38
178 116 35
39 15 33
84 136 45
35 166 49
55 81 40
127 123 22
31 33 9
179 66 15
23 163 35
180 13 37
45 176 8
58 145 13
129 146 43
79 109 21
2 199 2
79 158 15
22 191 15
72 175 41
88 69 39
185 133 25
6 32 22
89 36 8
65 198 10
175 147 3
89 20 6
186 27 20
82 64 18
136 13 24
8 21 9
103 96 47
164 177 16
25 174 22
71 3 33
83 29 23
165 186 9
156 70 26
24 174 37
159 186 34
122 145 27
138 101 20
57 162 20
141 35 4
154 131 8
45 62 14
112 71 35
6 65 35
70 136 17
122 33 26
182 27 48
96 18 42
140 93 35
143 186 33
176 149 2
159 79 29
175 34 10
20 149 10
174 56 31
197 86 24
75 41 10
98 113 26
31 154 10
70 76 43
176 164 39
3 138 1
165 34 25
192 144 7
118 8 50
109 71 24
105 104 39
119 14 7
121 10 42
181 179 1
11 29 38
36 136 33
196 92 36
70 146 42
92 122 45
63 160 16
28 144 23
41 30 50
11 181 21
109 187 23
65 169 41
198 15 40
112 107 25
92 76 49
88 113 45
61 163 40
133 37 4
88 173 8
132 45 35
165 161 32
88 194 46
32 150 2
123 54 25
162 45 26
184 59 7
64 86 22
169 63 51
174 119 48
121 95 32
167 198 43
186 50 28
113 103 35
31 147 32
69 33 10
4 97 27
20 47 30
197 97 43
129 74 10
40 135 7
66 5 30
189 59 35
179 101 1
140 64 28
41 170 12
20 199 35
143 42 12
97 150 2
132 56 28
61 11 34
186 49 45
130 177 40
168 138 5
64 102 50
120 31 37
165 13 25
23 144 7
165 123 3
133 62 50
4 6 20
120 72 47
107 43 39
35 144 46
82 198 35
163 115 33
107 142 11
179 102 45
100 52 32
72 93 10
67 146 18
45 185 40
22 188 24
87 37 17
66 65 23
99 72 37
120 4 10
51 19 38
138 159 13
62 148 9
142 118 26
183 51 6
161 20 10
171 15 2
192 104 25
107 175 9
152 153 9
173 138 35
19 62 25
36 74 13
170 185 26
92 192 12
58 77 46
37 90 32
138 75 6
132 77 14
181 119 2
75 160 38
27 158 24
194 114 17
159 15 4
81 41 9
162 27 8
112 163 38
32 182 14
99 170 34
35 184 38
66 186 1
184 31 13
196 145 25
170 124 35
158 60 18
10 164 11
129 60 27
71 197 43
108 103 18
127 26 43
34 48 36
5 117 49
12 126 14
101 187 35
87 63 7
20 174 48
11 109 29
49 45 39
129 49 33
99 134 24
51 60 24
169 151 49
199 17 22
14 118 3
157 46 10
74 121 3
150 129 5
145 102 6
103 132 37
166 78 26
69 91 31
13 142 31
5 110 20
151 192 21
39 153 38
143 72 5
156 199 24
107 101 34
7 148 38
30 10 37
136 4 7
86 87 24
193 142 3
164 95 38
19 125 41
22 139 29
86 129 35
1 42 21
93 55 10
149 38 38
28 104 21
131 108 24
88 67 39
17 197 41
64 68 49
102 141 19
147 159 6
20 182 11
69 106 6
33 73 36
71 185 31
13 189 33
78 53 35
20 141 21
87 76 34
35 10 29
94 192 3
8 81 27
192 42 36
180 170 41
135 109 12
151 34 38
130 32 47
69 118 13
15 93 30
86 158 47
91 57 41
3 4 32
9 43 17
142 11 1
59 196 6
135 45 3
136 52 14
114 74 16
126 130 24
84 101 42
19 50 39
47 49 44
160 77 38
110 158 31
94 6 32
6 27 43
161 148 43
159 111 46
150 88 22
19 166 27
50 180 33
127 156 37
170 141 33
123 154 44
190 148 50
116 155 31
43 69 44
135 78 37
196 102 39
139 67 17
80 4 39
194 12 51
60 131 29
54 180 31
86 179 41
38 99 28
14 165 8
92 3 17
193 139 48
14 79 25
4 84 22
80 151 51
13 54 46
21 85 8
172 166 5
33 177 19
105 156 22
60 7 42
180 177 12
194 197 49
130 192 37
165 94 20
76 97 27
135 119 5
51 105 15
156 11 40
62 162 15
63 183 26
98 54 40
39 185 20
191 185 24
1 183 46
176 79 29
128 44 44
38 8 24
112 142 22
132 126 21
155 29 38
166 75 36
170 71 28
3 80 49
23 164 32
30 129 15
156 192 42
192 68 28
96 60 4
27 153 33
132 131 11
34 75 4
18 56 1
173 16 28
188 184 2
17 15 1
9 138 22
86 5 40
3 144 14
121 52 18
76 149 36
134 65 15
47 54 26
16 62 36
180 116 3
85 84 27
31 5 37
48 130 41
24 195 12
56 58 12
78 26 4
81 186 10
17 114 10
60 12 48
74 89 4
151 23 29
52 59 43
48 31 4
52 14 48
187 30 6
191 57 19
183 65 34
109 64 47
9 186 17
196 50 21
90 92 30
196 169 40
98 174 25
23 110 16
126 88 12
155 167 8
78 86 49
95 105 30
94 91 21
102 121 33
5 95 9
78 44 20
146 33 36
183 187 10
43 118 42
161 39 9
42 21 40
65 61 23
166 81 11
71 122 20
20 110 10
141 91 29
28 40 44
81 18 44
48 123 35
9 12 47
50 167 23
189 94 33
91 129 41
171 96 22
168 31 12
97 9 18
158 183 14
16 64 20
63 93 50
13 60 19
179 146 1
51 25 9
58 95 33
69 37 11
59 20 20
147 131 33
139 154 35
111 113 38
132 122 12
132 92 13
111 19 18
53 59 49
37 35 50
54 6 11
125 93 12
13 93 6
157 61 44
179 55 6
113 165 42
51 155 22
43 148 45
172 181 2
56 81 31
142 10 4
94 128 36
90 35 32
18 131 21
171 190 37
172 80 39
82 147 6
124 87 27
19 68 5
169 166 21
5 47 21
58 81 17
65 79 32
107 4 19
42 163 19
13 30 28
111 157 14
72 92 50
168 185 37
127 148 19
156 66 44
45 83 10
91 25 26
92 134 48
102 116 10
124 179 16
10 187 41
64 21 48
19 10 34
130 121 37
124 180 21
134 44 37
182 128 26
4 99 36
186 144 48
116 43 38
151 96 4
186 95 23
113 61 45
166 170 35
78 23 29
42 35 29
12 94 37
87 45 37
126 123 1
148 60 40
16 114 42
42 131 14
103 120 8
81 68 9
44 85 9
136 79 15
142 181 28
120 118 33
142 80 11
134 158 33
80 152 51
53 73 44
40 175 1
88 31 28
98 183 42
132 189 12
159 113 29
137 114 24
53 14 6
185 28 7
138 100 9
114 102 12
122 115 34
152 10 38
50 152 29
126 100 19
90 199 49
45 154 18
47 199 2
143 16 43
17 141 15
115 82 29
100 14 48
120 85 33
25 43 26
139 110 40
190 123 33
90 36 40
50 58 51
56 117 42
40 27 45
27 109 4
117 39 24
144 83 18
102 4 25
125 184 29
78 190 46
78 165 38
100 81 49
75 45 7
126 47 29
40 118 7
138 32 35
82 81 32
174 144 41
88 186 38
82 144 38
119 83 32
177 101 35
56 43 16
138 52 39
63 14 50
83 159 49
16 85 27
8 89 24
93 154 39
170 105 14
74 58 21
172 199 12
3 100 42
90 155 51
158 57 15
17 157 21
76 25 28
2 90 6
105 40 8
137 188 12
193 88 10
139 164 45
134 71 14
50 41 11
138 42 10
31 114 38
134 34 28
35 86 39
188 180 44
6 92 50
45 58 16
178 128 38
126 9 42
23 35 35
121 145 10
54 93 46
36 72 48
90 17 25
122 8 34
62 53 45
2 185 45
78 11 18
133 49 5
28 198 8
103 85 7
115 184 37
134 182 42
124 171 18
37 111 24
166 90 49
99 106 28
95 141 14
51 17 10
61 62 2
62 172 26
117 158 29
146 25 4
12 111 51
72 107 9
61 178 50
170 96 27
13 130 30
34 177 34
94 150 4
90 31 16
163 164 8
112 39 2
94 34 10
74 7 31
164 7 31
18 193 51
151 111 6
121 140 39
129 25 9
101 165 39
140 105 16
134 98 31
188 82 29
30 18 14
152 157 45
95 27 7
91 28 13
29 177 42
152 23 1
132 111 16
24 79 32
157 16 37
110 144 20
101 161 3
172 153 2
71 159 31
113 57 18
83 199 31
69 132 12
191 181 29
117 76 38
152 47 21
131 169 26
195 171 45
106 176 36
153 102 31
193 162 15
79 5 5
38 127 8
93 67 20
139 78 9
28 129 9
117 10 29
121 187 37
84 139 24
33 183 1
69 160 5
166 69 47
129 178 2
26 176 21
155 159 41
128 136 22
151 174 3
49 44 4
31 143 34
79 193 51
52 42 35
39 59 14
23 129 23
177 145 28
69 158 9
74 148 16
18 153 17
15 6 28
157 73 31
109 112 5
48 55 50
174 9 41
194 110 27
38 46 51
58 59 4
94 18 29
83 56 15
66 40 45
181 134 25
188 157 1
121 80 17
199 180 19
54 34 45
163 98 43
9 197 25
118 138 2
34 60 32
166 26 19
180 160 28
52 133 22
26 64 16
126 148 8
46 128 23
181 165 39
163 160 28
103 142 27
194 7 41
103 37 28
33 16 19
100 158 28
164 25 13
154 70 31
153 109 17
131 197 7
84 40 36
183 138 51
67 173 44
7 144 43
188 25 50
95 117 17
193 25 19
181 98 2
123 150 47
34 199 50
144 101 32
198 60 33
8 97 4
106 154 6
64 173 3
117 22 19
157 11 23
197 11 5
19 12 38
79 91 20
24 138 31
159 92 21
197 44 41
91 135 16
84 155 15
64 163 50
180 56 20
79 138 21
183 78 38
2 169 31
59 38 16
42 22 17
103 52 9
43 142 51
160 19 21
99 181 14
41 10 29
56 103 51
29 180 20
198 57 47
164 75 33
167 115 22
22 18 5
60 31 34
119 183 36
118 3 39
139 29 13
4 63 20
55 133 39
76 79 17
90 69 19
13 8 1
161 113 3
53 20 21
116 170 20
30 64 44
29 50 2
50 163 9
160 153 44
172 7 29
187 8 36
59 122 12
137 3 15
36 17 2
36 83 37
22 133 35
67 50 26
3 140 18
91 67 35
99 104 34
136 137 30
195 123 37
101 35 40
54 135 2
133 14 21
38 57 21
102 11 27
187 152 31
129 17 45
9 34 36
106 140 25
140 70 38
12 56 13
78 181 25
77 133 2
146 69 13
138 134 48
137 42 15
23 54 31
43 14 43
104 73 1
39 26 3
182 151 28
122 45 14
145 120 43
28 170 26
58 17 9
87 130 31
127 132 43
95 111 38
64 114 17
104 92 25
145 59 25
159 28 12
176 154 41
108 151 32
16 196 30
29 161 42
196 60 30
90 132 6
86 174 3
71 151 34
197 158 22
34 147 11
111 176 20
63 126 48
99 8 33
66 31 19
67 7 37
22 84 41
132 170 12
57 76 48
21 44 30
199 116 44
121 171 43
27 145 32
145 22 43
9 16 2
72 10 18
80 46 35
123 159 46
175 87 2
117 88 16
58 89 48
183 15 2
113 132 13
101 40 12
60 21 26
11 45 21
2 117 35
159 135 11
10 109 15
66 173 34
113 49 3
155 184 25
106 103 33
110 70 29
87 145 2
21 121 47
192 108 11
111 42 35
131 130 47
129 160 12
124 74 23
182 117 26
142 97 19
62 92 35
140 184 46
136 58 17
6 169 5
68 182 25
42 68 50
151 65 32
29 57 10
29 99 4
45 18 7
120 141 47
168 120 51
7 15 18
14 136 31
190 165 14
92 153 29
29 87 21
98 168 25
75 22 15
186 113 36
182 187 48
112 151 18
48 39 4
85 91 25
18 162 38
82 148 12
38 196 47
161 30 35
53 123 46
60 92 40
136 161 46
36 166 26
109 126 23
181 9 35
20 7 24
64 40 14
151 70 28
153 87 31
88 21 38
157 15 50
36 143 48
121 46 6
3 17 2
47 72 13
185 118 26
183 139 33
70 179 44
68 143 25
119 62 5
187 188 21
35 176 39
7 162 46
97 164 4
75 89 50
169 5 45
150 3 49
101 178 49
188 14 38
175 115 44
177 167 7
109 104 48
32 145 2
3 199 36
153 105 49
90 45 26
189 11 10
74 133 45
157 106 42
43 146 31
153 66 48
101 139 38
106 38 21
44 117 26
148 143 43
33 129 42
21 155 38
158 101 17
101 126 47
9 161 48
69 100 18
32 66 1
31 172 51
28 120 10
120 62 51
21 28 7
169 30 3
65 107 10
89 30 4
58 41 35
147 126 11
91 155 26
132 145 43
44 84 34
19 162 49
13 4 37
77 26 29
23 1 43
13 190 18
141 79 38
66 118 25
31 166 15
79 165 43
33 131 33
191 7 24
111 173 10
71 30 24
65 195 14
85 159 10
143 58 40
2 59 46
124 92 42
33 105 43
88 110 40
113 29 17
184 132 21
51 54 15
189 62 25
89 66 1
126 198 33
36 110 49
124 24 34
71 26 15
28 110 26
37 30 43
113 133 43
56 42 14
70 94 46
84 89 48
65 146 49
39 8 15
66 124 50
153 138 2
88 5 12
179 52 17
165 59 5
110 177 24
177 95 49
197 49 7
2 101 22
147 85 44
106 88 38
177 66 26
194 158 18
198 91 40
20 112 15
157 121 23
198 73 46
8 28 39
160 194 15
198 138 29
76 109 26
160 2 5
102 40 47
151 54 31
172 101 32
26 105 51
166 43 46
169 127 14
168 80 36
10 77 19
36 65 42
35 112 22
134 83 14
72 11 20
129 148 19
128 77 17
86 39 17
100 173 29
44 99 3
24 150 14
82 14 34
191 79 3
107 28 40
161 180 21
34 3 23
62 160 23
133 112 46
62 134 6
9 86 2
168 114 2
44 191 18
172 158 14
110 75 41
43 12 3
128 100 35
176 169 8
98 74 28
13 59 22
125 154 14
149 131 44
23 87 51
163 104 42
46 61 34
108 174 26
56 66 50
1 73 3
67 22 12
159 65 49
115 178 28
79 26 20
14 123 12
66 141 14
1 187 25
88 25 17
42 154 45
52 19 12
180 175 37
165 97 34
146 185 2
57 104 44
5 172 1
136 107 49
158 198 12
14 190 50
102 168 27
49 41 15
24 157 29
139 140 22
50 130 39
66 100 16
172 75 40
66 183 10
183 162 18
93 149 47
71 129 42
138 170 2
27 56 18
44 189 21
57 42 42
166 9 39
57 100 17
66 55 41
67 97 3
185 128 28
78 94 26
74 72 17
124 159 10
149 92 10
100 16 5
67 20 50
127 54 30
79 11 18
87 2 45
174 158 32
194 94 39
185 125 49
50 190 28
101 75 7
21 187 11
181 87 24
146 110 46
98 32 25
14 112 39
52 29 15
177 123 25
57 159 7
178 89 21
130 113 50
43 97 41
124 145 12
10 129 13
175 64 49
34 31 18
143 4 1
96 74 14
14 80 43
174 38 9
18 184 11
196 34 5
155 107 14
45 155 5
128 63 14
19 175 10
63 49 40
158 180 10
141 67 5
198 193 37
96 21 23
136 72 12
169 146 31
111 143 37
182 144 15
33 142 38
31 112 48
110 95 15
114 173 36
101 86 43
146 47 4
197 13 24
159 119 11
140 123 35
73 154 14
33 156 15
73 28 43
23 168 15
109 132 14
172 77 32
184 16 25
53 163 45
110 4 49
117 84 27
63 166 7
44 130 4
5 132 32
125 95 36
110 8 42
153 171 28
100 61 34
12 168 13
35 113 45
46 116 10
37 65 33
98 178 6
132 32 5
179 99 31
94 54 3
136 105 15
124 51 11
61 51 34
171 87 42
179 77 31
198 157 37
130 61 49
55 73 8
198 146 1
195 10 40
81 23 51
136 167 12
117 139 6
105 185 9
140 12 51
183 36 21
171 191 23
116 192 13
103 119 6
101 94 1
92 96 41
2 25 29
195 104 20
180 45 20
189 167 15
191 85 22
55 11 4
5 182 12
154 119 21
183 10 18
152 135 18
17 184 41
64 4 9
193 106 23
70 128 3
178 108 49
64 59 34
150 112 37
68 3 1
39 122 46
196 39 23
20 154 16
143 165 36
40 34 26
36 157 45
188 85 13
34 36 39
177 30 9
199 9 39
72 70 23
2 38 45
184 111 46
102 80 44
194 93 51
115 90 19
122 48 18
178 14 32
16 2 6
164 63 9
183 101 48
152 159 18
47 186 14
42 24 22
89 23 8
143 60 14
85 144 35
115 199 46
22 111 37
92 43 12
159 27 23
48 176 32
157 21 30
111 56 5
18 171 41
65 85 26
95 149 21
111 133 40
154 167 5
49 106 23
115 85 1
58 78 27
172 174 9
50 72 46
131 158 3
42 149 20
15 170 8
69 164 38
29 47 46
164 143 29
146 64 30
111 14 10
127 93 33
75 191 25
23 145 28
34 176 45
125 17 38
186 93 35
134 48 4
181 53 13
5 89 16
62 182 34
135 167 27
61 1 15
131 137 4
168 40 36
24 7 10
140 69 15
93 86 47
36 25 17
106 92 39
11 141 4
173 118 3
188 163 21
190 100 20
99 124 19
173 31 38
176 167 1
183 28 28
19 54 8
162 3 16
121 19 14
88 55 19
74 120 30
179 143 37
183 131 14
179 119 25
19 78 47
160 116 14
185 76 27
48 165 39
171 102 25
187 119 15
64 127 1
75 69 31
127 91 49
29 152 47
178 172 49
31 55 45
115 100 14
108 16 47
46 195 45
175 99 28
96 135 10
18 132 46
41 12 38
199 55 49
129 140 47
78 122 9
6 182 29
112 172 44
149 89 28
183 94 14
197 70 14
172 119 37
122 70 44
160 107 19
71 114 5
29 84 29
175 174 19
133 59 33
173 110 26
58 35 5
22 43 30
155 187 25
57 75 39
101 69 1
73 39 8
190 111 19
16 170 48
175 39 7
198 43 34
125 111 8
15 92 42
89 73 36
161 55 17
192 71 11
74 131 22
143 23 45
10 33 9
99 83 22
121 43 19
5 140 41
157 146 2
108 139 30
198 7 40
131 100 7
32 148 37
5 99 6
128 55 23
150 9 27
121 139 21
49 3 9
111 162 33
26 107 29
142 133 19
24 14 28
40 90 50
51 22 30
93 29 38
156 85 43
26 53 39
82 41 11
85 198 6
54 192 51
76 143 38
17 126 37
119 129 29
99 94 34
198 164 34
37 1 12
79 46 42
164 39 14
199 35 45
63 118 51
130 141 25
101 157 41
192 109 35
166 130 44
176 112 31
72 123 9
172 170 13
97 10 18
56 40 25
114 161 44
16 89 46
58 171 10
74 152 50
175 146 50
126 85 10
17 170 40
19 1 2
171 20 6
34 141 17
16 54 28
170 91 13
176 41 27
21 91 8
109 116 22
129 27 1
105 197 39
183 55 13
18 172 11
117 132 2
84 180 40
76 169 20
40 116 4
12 74 11
196 7 40
81 7 10
65 28 15
66 168 37
127 128 13
20 34 19
8 165 16
41 197 44
45 63 38
158 118 7
1 51 37
94 167 41
44 70 7
21 77 15
97 77 35
35 78 9
77 137 8
77 134 7
198 196 14
193 26 2
102 123 42
2 76 45
141 52 34
189 137 42
58 36 28
179 192 13
184 94 32
30 93 5
179 11 14
111 85 48
105 116 29
118 169 39
191 158 42
165 115 24
11 53 44
195 190 7
195 107 13
84 27 1
189 165 15
51 184 25
50 78 20
169 96 15
8 174 16
153 72 20
47 171 45
30 4 23
187 40 45
145 193 25
126 117 50
176 29 15
154 90 4
22 62 11
51 110 9
151 91 6
10 141 30
147 91 19
180 96 48
85 96 1
30 100 20
70 15 43
195 131 31
71 14 32
82 181 28
189 117 38
144 132 15
44 131 3
103 66 13
81 52 48
29 157 11
65 156 47
34 24 17
62 180 18
147 48 30
109 5 10
79 131 9
37 106 3
120 130 48
127 133 47
12 100 7
177 188 19
106 119 7
168 137 28
106 7 17
154 16 19
67 84 33
8 36 35
15 56 21
190 25 11
78 191 27
134 37 6
135 127 34
17 110 24
118 104 40
84 175 19
128 143 5
136 35 2
162 23 14
156 153 45
94 123 33
38 197 12
180 34 28
195 12 5
92 164 48
179 80 44
65 186 24
95 80 27
103 122 29
95 84 40
180 106 10
65 164 45
65 110 37
121 155 4
76 136 32
89 127 9
115 38 42
179 122 10
60 86 50
18 175 36
145 151 24
44 108 41
105 78 18
168 123 23
21 68 32
185 101 30
12 110 17
125 136 10
83 38 14
189 98 8
121 161 34
115 135 10
127 40 4
49 181 26
86 165 48
67 125 19
10 112 6
55 7 37
82 104 19
64 77 28
90 114 21
175 191 18
9 74 14
186 151 7
155 188 17
5 67 22
29 103 30
96 37 32
15 27 25
114 81 1
120 162 16
35 81 10
53 125 11
166 197 45
172 54 40
16 155 30
71 172 44
94 110 28
18 58 23
15 84 7
172 99 35
184 178 32
85 37 13
125 120 21
120 140 6
127 153 18
187 140 42
30 182 37
34 107 6
191 38 25
25 109 47
143 56 10
1 144 44
159 29 7
21 166 22
32 174 38
144 165 24
20 106 42
116 77 48
112 113 26
160 140 39
35 118 39
123 100 7
86 72 41
37 68 43
12 25 50
43 188 43
10 2 21
87 11 11
108 113 40
5 111 36
174 102 4
8 35 16
130 125 42
74 157 9
146 145 9
142 37 49
38 151 16
186 51 2
55 126 36
118 94 31
163 110 34
1 108 16
182 98 18
159 7 50
135 83 7
132 199 16
110 66 9
134 120 37
196 141 24
65 32 48
192 191 6
183 90 26
114 94 27
174 130 29
128 97 35
83 196 15
20 184 12
178 122 8
60 38 30
190 20 11
161 72 49
48 60 3
75 167 29
140 142 30
153 73 16
3 78 31
39 51 13
47 79 5
66 44 26
161 199 38
47 117 26
175 24 51
92 155 23
60 1 51
117 160 9
73 99 10
87 88 17
2 15 42
10 118 19
57 135 49
165 29 48
20 155 10
52 46 2
112 41 11
113 83 4
115 159 33
92 182 19
149 33 35
63 30 29
126 59 33
82 29 43
79 39 18
164 108 17
30 5 1
95 129 12
11 9 2
67 64 2
186 75 31
166 128 22
192 23 51
95 37 24
50 119 25
115 89 40
151 21 16
60 25 16
23 188 20
134 95 6
32 151 39
73 199 41
80 32 11
184 105 14
119 35 50
51 21 28
19 98 10
147 63 20
66 155 33
186 147 31
99 31 7
169 93 30
124 169 26
55 151 22
84 164 13
154 12 43
104 69 21
28 162 9
53 96 31
162 84 37
12 15 46
128 131 49
55 72 17
158 40 19
31 82 15
88 81 13
195 32 27
55 108 50
35 132 35
99 36 26
89 159 49
133 102 39
38 188 43
24 196 44
134 60 49
52 125 31
97 198 46
82 65 36
3 136 49
135 179 48
188 67 2
101 38 11
105 30 46
123 104 4
125 21 37
21 57 22
99 157 44
169 88 23
183 171 49
65 62 27
36 193 15
175 103 40
187 12 16
49 146 10
146 87 12
108 14 33
86 138 49
184 93 23
169 182 28
59 90 50
120 33 23
161 95 6
119 132 27
97 68 5
39 68 46
178 4 51
136 93 28
61 90 46
134 193 1
38 184 49
62 178 7
58 70 24
114 92 24
179 10 45
172 47 25
137 91 23
170 142 37
67 118 6
14 27 36
69 191 20
55 110 36
150 52 16
72 24 27
74 75 39
125 24 27
58 180 13
124 32 33
92 146 49
140 22 3
21 83 16
114 24 13
9 113 9
22 176 31
17 13 10
127 33 45
127 112 31
65 140 41
31 153 6
161 137 36
159 94 3
60 139 43
144 39 2
193 98 3
34 86 43
99 143 5
84 53 28
124 17 25
2 167 43
161 27 20
188 57 37
148 97 1
101 20 42
151 24 16
17 108 34
115 142 20
130 197 3
37 127 32
160 95 10
141 30 14
69 139 51
4 128 41
170 151 29
37 38 21
103 114 18
156 118 38
95 181 26
197 173 40
148 22 2
64 157 44
89 111 36
196 25 6
8 60 42
85 62 47
141 22 33
42 16 20
182 175 22
90 109 24
157 149 32
34 46 25
1 47 2
68 94 50
56 105 43
107 147 25
12 44 38
1 161 14
26 15 19
38 141 26
157 93 12
151 196 43
44 42 33
38 128 42
23 115 12
74 69 23
114 63 37
181 12 47
59 167 14
69 62 48
181 111 48
183 72 46
61 93 51
126 106 13
118 132 44
136 81 3
60 57 35
40 109 8
140 19 49
107 110 33
98 154 30
25 52 4
101 54 35
180 55 28
135 191 33
184 158 33
96 164 7
97 163 44
196 76 33
95 81 12
108 170 51
139 64 13
66 175 27
190 58 32
165 66 3
101 89 26
119 107 14
14 74 15
39 37 22
139 174 19
109 173 20
96 189 21
67 59 30
101 191 22
10 149 50
54 199 44
25 169 41
35 64 23
37 184 33
115 194 26
65 4 27
81 37 21
18 53 25
54 103 40
131 142 6
174 164 30
98 29 25
198 133 38
120 198 31
140 21 11
194 2 23
35 194 32
99 52 47
49 155 4
88 51 31
72 191 12
141 128 33
191 136 27
13 40 13
3 79 27
178 19 12
166 7 25
75 131 10
77 131 15
171 79 29
160 55 33
53 156 25
84 92 43
99 197 3
173 102 6
41 127 10
91 80 12
11 178 31
119 92 23
191 139 14
140 35 16
107 172 5
62 66 20
137 119 22
162 114 2
126 181 32
34 7 28
100 48 19
144 177 25
49 152 44
103 190 45
7 63 42
124 88 24
114 80 6
15 133 21
41 35 4
93 121 16
157 165 46
123 118 30
197 110 16
104 46 7
63 73 20
59 7 7
74 127 49
72 79 8
72 81 51
87 10 20
51 66 30
129 186 34
58 194 1
81 117 8
65 11 9
178 180 42
130 79 24
88 103 12
14 120 21
123 42 40
29 80 49
42 151 28
126 164 9
190 17 2
143 180 35
123 147 39
138 34 16
12 138 51
78 106 44
147 119 17
146 90 36
86 133 24
146 9 12
110 57 32
162 96 43
194 63 5
158 67 19
132 198 3
76 123 31
181 42 6
173 151 34
141 51 4
147 149 34
87 74 5
143 155 15
152 168 11
38 175 47
81 163 46
52 156 50
120 171 12
1 196 13
13 5 5
100 93 28
49 42 1
110 9 16
16 101 8
95 96 36
154 35 25
134 164 7
191 82 32
162 1 30
61 104 36
21 111 39
151 97 2
60 102 32
104 95 4
16 105 39
110 151 11
177 38 22
49 37 32
106 81 49
198 2 24
96 93 47
21 193 25
34 184 42
10 37 4
188 80 17
86 11 6
33 36 16
82 54 49
41 114 13
105 96 9
118 7 37
46 188 41
32 9 48
37 107 43
75 132 49
55 15 5
155 135 50
132 139 46
109 188 18
178 121 36
113 120 42
149 159 6
145 88 7
77 59 50
12 61 8
53 46 42
193 101 49
145 60 36
165 53 32
177 151 42
40 176 48
161 194 8
99 114 23
172 6 39
124 164 32
198 16 16
130 156 31
18 192 21
23 67 45
134 78 44
34 140 41
16 81 6
38 129 45
34 45 43
199 7 40
137 1 4
18 194 35
93 123 4
176 135 42
173 137 5
118 117 37
173 5 18
92 115 6
89 17 12
46 194 37
2 148 26
50 146 43
58 40 32
32 90 34
173 126 39
27 185 40
139 175 12
129 80 7
77 23 40
30 147 21
138 113 37
190 149 19
113 74 49
39 78 38
70 20 43
102 184 9
126 150 42
198 187 46
83 171 17
112 57 16
100 139 38
33 65 3
61 87 6
67 98 7
34 62 32
199 21 33
150 120 3
112 51 26
145 147 44
198 67 40
159 194 9
35 97 4
5 165 4
113 1 23
132 115 21
48 179 43
54 186 29
199 182 29
72 71 11
197 160 39
141 19 34
152 140 16
25 128 8
116 130 35
43 29 45
166 84 34
183 97 38
58 134 7
116 59 8
196 23 31
78 6 22
155 175 51
99 63 28
40 129 37
115 18 31
66 105 48
139 148 36
18 181 8
140 89 5
101 173 31
123 192 43
166 165 11
103 11 17
99 116 1
183 174 16
128 104 14
184 119 13
112 7 18
6 199 3
125 190 27
46 191 13
130 97 19
21 141 3
120 41 20
11 167 20
150 75 3
158 135 21
76 9 32
23 42 48
163 174 49
153 99 45
162 127 17
115 6 27
13 89 13
88 47 16
36 24 3
25 40 20
81 127 38
147 154 31
6 99 37
140 98 16
141 197 7
153 147 36
81 105 51
100 143 41
171 56 9
112 46 8
146 29 47
77 45 23
121 128 50
135 42 38
62 68 5
184 131 21
63 168 51
157 143 15
68 199 11
159 64 20
115 127 48
14 45 36
97 171 44
128 168 47
81 79 18
41 92 43
95 24 49
110 63 45
94 25 23
94 174 35
170 169 44
80 12 37
91 133 1
99 169 7
46 119 7
56 96 5
132 36 26
48 113 39
25 132 18
181 123 12
20 164 26
42 47 15
74 28 4
155 56 1
153 179 14
4 163 29
178 50 40
87 96 40
97 28 40
158 50 22
3 109 29
185 50 11
6 129 17
120 60 6
17 56 39
186 36 16
62 184 35
93 134 34
5 147 33
51 116 3
26 45 27
33 173 32
130 59 16
15 96 11
141 171 11
111 138 16
69 89 49
196 163 51
154 138 13
76 152 16
27 140 3
85 79 36
46 190 9
106 82 35
166 137 16
8 82 31
13 53 26
26 113 46
162 104 32
138 142 13
196 194 42
45 163 17
155 182 17
2 18 43
171 99 2
49 130 22
71 164 37
144 38 29
11 98 33
102 103 4
164 16 19
91 60 47
51 118 36
31 83 46
77 110 47
64 180 48
41 71 38
69 176 36
150 96 7
169 177 24
109 130 28
116 123 15
26 46 34
153 116 40
120 15 7
22 103 26
193 69 13
168 175 32
147 172 44
139 130 8
152 4 16
126 99 17
42 101 7
14 55 23
47 45 19
145 30 15
166 198 1
108 74 11
156 84 36
49 32 22
80 160 45
11 184 39
49 46 22
169 130 13
146 181 18
46 1 49
129 78 25
139 99 26
17 82 22
35 67 18
156 113 11
121 24 50
114 182 8
143 48 17
80 106 19
191 77 13
92 167 45
34 172 39
193 56 35
165 27 51
194 137 35
171 162 16
34 171 37
170 18 51
87 14 48
195 115 17
164 181 4
63 10 48
91 24 11
49 166 40
12 130 40
157 184 41
133 3 44
105 127 50
161 16 35
110 46 3
132 159 25
118 88 25
113 128 31
91 186 42
42 112 4
174 180 34
85 67 37
40 122 13
100 140 40
187 120 12
58 132 4
158 43 27
117 192 38
165 185 1
51 12 37
159 102 5
181 135 26
2 37 51
58 177 26
87 54 7
168 100 21
9 154 5
52 90 23
110 152 20
112 76 42
130 42 48
44 132 37
35 169 45
4 146 1
112 56 51
2 112 11
141 74 34
189 119 48
171 48 40
147 101 13
182 75 21
30 166 8
144 31 31
14 143 25
92 144 4
28 119 18
80 118 4
33 74 35
30 152 8
109 92 36
151 44 45
184 167 46
107 76 49
119 120 16
138 50 9
16 71 48
4 196 29
115 171 12
54 75 35
78 38 6
48 136 6
169 43 11
105 44 14
195 108 17
87 199 43
40 143 15
107 85 48
196 3 50
193 192 47
75 15 8
58 160 44
2 133 3
154 5 35
109 162 10
94 103 15
194 173 37
127 184 36
163 72 8
129 192 19
7 76 41
135 196 4
74 15 6
95 92 8
71 182 3
15 142 18
87 90 16
197 72 51
126 68 49
105 98 31
42 158 27
118 112 15
117 199 33
162 21 48
130 102 25
49 52 40
37 117 23
91 175 51
25 65 16
82 80 2
117 68 42
88 184 46
22 181 48
4 69 28
179 40 15
153 96 40
99 196 1
61 140 46
186 45 15
25 50 47
162 60 3
106 188 22
37 185 44
153 56 4
159 9 46
195 26 3
49 91 5
153 75 20
72 150 24
59 57 8
189 97 10
93 73 23
153 135 38
92 14 34
15 24 28
87 135 23
139 62 20
133 140 21
43 39 35
26 170 40
39 169 15
179 78 28
109 68 33
161 160 43
114 115 4
117 144 27
1 148 8
77 158 33
47 165 5
29 62 24
115 94 43
75 39 18
198 172 7
187 34 44
15 31 12
128 117 44
131 24 26
16 147 47
39 19 20
189 60 14
149 104 9
149 178 10
41 91 44
189 175 43
128 116 6
9 177 46
115 36 25
16 10 34
10 48 15
158 185 19
135 31 49
148 79 12
123 39 49
66 30 36
22 174 22
87 152 29
90 145 50
183 172 1
146 17 47
70 147 36
48 4 48
140 168 49
95 153 19
144 44 41
3 126 36
43 93 37
130 94 45
196 142 28
20 26 51
59 84 14
10 180 51
155 151 46
16 152 23
157 107 25
14 172 4
111 196 47
151 193 18
170 149 24
179 19 7
85 46 23
100 120 11
187 45 27
181 121 13
7 129 48
41 51 43
21 153 48
192 157 40
7 23 13
116 66 4
103 70 27
191 61 29
32 18 14
54 56 2
45 106 41
126 113 22
46 173 13
108 24 25
178 94 24
23 133 44
118 136 44
143 177 1
51 72 23
92 8 13
63 109 21
95 173 39
113 119 46
188 142 49
199 88 5
111 65 46
15 80 7
80 145 10
111 93 34
22 79 5
114 123 11
62 147 1
137 8 13
54 84 39
106 131 42
88 97 29
73 132 23
49 36 35
162 77 35
25 187 32
90 102 46
48 170 3
22 127 44
149 189 9
47 132 5
190 101 36
50 134 26
197 91 45
151 107 12
105 152 18
152 96 40
134 3 51
193 179 19
69 38 14
196 120 3
198 70 8
185 173 6
18 128 9
125 119 40
100 58 44
14 107 11
14 75 30
12 40 33
168 167 13
54 161 45
42 55 9
5 97 41
5 193 26
157 95 24
83 137 45
87 162 4
83 117 50
196 42 6
4 186 2
125 176 7
49 100 40
135 106 39
29 68 34
112 12 51
193 118 14
12 142 1
180 187 19
89 150 26
16 156 43
69 34 14
4 42 29
14 157 37
106 178 7
142 9 34
44 182 42
3 37 15
131 165 38
176 61 39
181 112 46
28 125 24
86 42 47
169 55 16
22 168 14
43 177 20
24 21 45
20 116 49
199 67 24
64 37 12
150 197 16
109 20 24
72 2 36
191 150 31
107 50 38
29 91 46
152 191 39
193 170 49
67 43 48
149 73 19
125 131 21
110 29 4
158 108 42
99 96 22
148 23 46
38 143 37
191 113 33
107 58 36
65 191 27
87 168 20
185 26 29
32 186 31
195 180 23
71 31 21
134 189 35
115 188 33
23 128 22
26 198 7
142 63 32
63 125 22
160 189 16
91 38 44
192 196 5
162 49 50
9 46 50
195 182 23
112 175 17
54 42 14
104 194 34
48 45 16
119 37 40
159 196 40
83 42 44
82 139 37
160 73 16
50 43 19
9 37 9
90 184 29
38 110 14
41 140 23
189 45 48
96 86 4
133 79 44
40 185 39
124 166 4
5 3 50
12 5 2
198 56 24
53 116 3
77 52 36
197 46 13
147 51 24
137 56 47
26 81 11
140 161 30
170 128 2
139 123 5
4 117 21
147 92 23
32 28 30
169 84 11
166 18 25
6 130 29
1 171 49
156 35 19
72 78 4
146 39 1
128 153 27
187 100 44
138 135 2
150 79 1
6 62 34
184 163 25
186 2 14
55 185 29
129 197 4
34 139 40
70 165 3
25 102 7
13 127 39
126 39 8
180 126 17
47 16 7
47 87 30
193 137 11
182 125 48
96 66 45
196 77 31
45 170 20
134 8 12
63 27 48
100 20 8
76 180 7
65 170 15
45 196 44
93 28 29
26 83 34
140 17 29
135 154 8
120 154 31
66 98 30
122 98 25
25 97 22
111 8 6
188 100 44
130 154 22
11 196 2
130 168 1
45 116 20
183 105 5
130 186 40
126 199 28
166 101 43
182 186 34
140 40 17
56 127 48
36 88 47
187 141 41
27 41 39
181 166 32
5 80 3
170 140 7
69 127 47
41 106 17
91 76 21
65 48 34
152 55 40
155 41 17
31 52 3
150 196 44
143 30 35
144 195 16
46 107 27
154 197 11
11 85 45
4 83 49
95 64 43
150 11 46
187 108 42
41 84 38
124 73 18
150 165 34
130 184 37
194 129 31
58 193 49
145 64 30
36 97 11
6 179 7
189 15 3
144 15 40
128 193 30
186 7 32
68 73 18
188 98 31
31 23 20
162 97 28
40 18 45
184 186 19
196 69 9
57 92 23
51 78 16
163 17 3
86 155 47
97 55 24
157 176 46
20 194 30
75 86 44
134 5 33
23 33 11
6 7 16
53 193 45
175 187 47
111 80 41
48 28 25
157 51 5
56 41 21
53 199 51
186 82 15
68 89 26
184 82 4
117 52 49
175 29 30
40 100 25
54 81 22
61 127 30
103 187 1
120 91 42
163 124 22
15 114 26
174 156 45
149 173 31
74 16 33
119 60 6
42 116 14
69 42 35
78 186 26
75 163 48
142 179 3
51 179 31
196 56 26
83 77 32
160 132 17
42 102 26
61 105 39
115 20 46
196 100 4
1 177 13
91 51 7
49 14 43
46 81 3
53 49 27
135 17 37
46 66 3
38 4 46
194 16 38
142 56 48
45 84 9
45 177 26
149 199 1
1 149 22
7 56 6
198 190 31
119 19 11
70 133 2
106 75 38
144 150 13
47 82 7
187 148 19
182 78 13
145 133 8
4 72 14
56 195 16
139 51 32
82 103 51
155 124 47
27 96 5
120 65 31
188 16 2
86 123 45
3 64 36
33 13 26
27 25 18
72 185 10
61 138 48
156 40 31
15 106 29
184 8 1
85 161 28
77 125 4
185 113 21
44 72 24
62 18 10
157 179 21
102 139 35
150 181 20
194 136 49
83 94 32
37 158 14
107 56 7
146 19 12
92 135 51
143 162 12
47 189 27
20 119 7
1 124 50
166 94 26
188 37 38
94 36 39
49 136 50
163 137 7
80 113 14
39 66 4
42 51 45
126 139 13
89 123 33
107 57 13
161 21 1
184 56 32
130 18 7
89 44 13
176 110 20
134 163 16
97 105 3
11 192 47
50 96 26
71 116 46
101 45 9
179 111 23
181 174 24
149 197 24
95 195 8
86 14 14
191 157 23
46 143 49
150 187 19
128 144 12
109 95 24
157 92 51
161 115 44
139 50 8
83 168 48
71 21 36
178 2 35
147 58 16
9 155 32
172 85 14
49 29 2
178 196 20
25 35 24
193 184 4
131 78 6
119 57 11
145 149 38
194 151 42
147 121 19
142 167 17
42 46 34
192 153 11
110 178 20
43 106 11
144 139 22
63 56 50
39 74 46
172 20 41
20 177 16
30 167 20
193 3 9
104 102 41
15 32 39
14 34 30
102 75 16
41 121 15
164 150 15
196 107 30
73 34 41
169 132 9
137 40 38
140 141 12
184 9 23
124 140 40
167 194 41
48 181 14
173 45 37
127 170 48
64 33 14
12 132 22
64 104 30
184 68 46
47 30 3
23 10 19
128 13 8
162 80 39
95 89 16
42 87 18
169 189 21
93 10 5
55 45 26
166 118 14
159 4 30
102 97 23
176 95 32
154 155 1
166 65 48
20 170 4
181 103 12
78 164 13
78 8 28
104 52 35
158 122 51
66 7 39
178 191 14
58 176 42
36 196 39
180 85 51
85 10 25
75 5 41
120 7 28
5 28 12
170 64 2
104 156 29
40 20 14
49 195 27
145 148 45
185 57 13
25 33 39
71 89 46
192 84 28
68 106 23
170 59 5
117 57 41
71 163 1
49 92 37
174 78 24
180 51 43
90 83 36
141 69 27
23 97 13
189 115 47
148 51 14
84 123 29
2 13 20
19 76 36
162 172 37
38 66 15
64 97 46
146 95 40
13 78 30
130 179 23
166 2 10
5 9 26
168 178 28
189 28 14
176 109 47
96 111 29
99 109 5
128 47 33
176 55 12
26 188 28
93 57 12
99 178 38
91 183 39
171 41 15
167 19 6
52 145 28
126 196 3
83 57 5
110 22 21
47 123 16
91 190 38
185 193 8
175 8 7
65 137 20
52 119 47
107 19 22
120 116 29
144 164 15
111 71 25
154 23 37
103 170 26
26 27 24
37 53 8
189 4 37
184 48 32
88 65 20
179 160 50
141 37 43
83 149 36
92 40 34
118 130 15
165 81 14
142 191 22
33 140 9
10 8 46
9 105 24
11 129 30
149 186 44
117 163 33
104 174 49
21 6 51
39 81 5
168 93 4
110 60 19
88 2 15
55 68 26
77 121 26
125 153 30
120 115 30
136 110 48
160 56 39
94 163 28
44 45 43
145 118 36
91 160 34
6 56 48
29 96 47
115 17 21
161 25 6
133 94 15
180 24 22
34 63 23
61 69 16
196 186 18
128 30 32
172 106 18
25 16 23
154 68 13
110 186 25
44 146 49
167 95 5
144 114 19
121 191 24
52 85 25
198 95 11
114 93 17
140 185 9
86 171 46
1 32 9
52 34 36
194 36 9
87 121 30
25 5 25
38 98 6
192 155 9
22 131 17
76 39 37
176 183 7
4 50 34
198 93 45
113 30 13
5 151 2
176 143 7
79 162 44
6 107 42
141 45 35
154 153 17
185 46 3
6 145 13
183 31 41
182 170 43
108 147 15
120 126 3
119 144 50
178 92 38
87 156 43
191 96 30
49 86 13
26 86 30
12 196 45
48 67 44
141 63 29
199 45 38
11 131 37
81 124 48
172 180 20
136 129 25
63 134 15
88 79 18
154 158 6
168 127 11
197 196 24
141 172 37
41 139 39
21 114 31
176 94 21
20 138 34
56 57 43
178 38 23
88 139 34
132 140 11
43 163 49
50 151 14
53 139 3
146 163 27
49 118 27
85 175 2
60 108 36
125 45 33
31 32 38
26 5 40
120 46 6
140 23 9
179 4 27
72 49 23
168 113 41
67 27 22
88 17 30
72 101 22
18 78 9
67 167 43
6 38 12
48 159 25
32 64 26
44 183 19
158 98 24
59 4 7
55 177 49
98 21 2
99 30 9
158 193 11
119 66 31
58 101 2
4 32 12
81 28 27
121 36 41
11 70 37
36 73 47
75 6 24
127 8 49
154 60 15
13 144 43
125 76 36
18 50 8
48 146 1
83 34 33
14 51 11
58 39 43
58 137 42
63 64 46
190 147 19
133 158 28
60 185 37
39 97 38
171 174 47
150 195 9
99 129 10
136 33 35
50 170 11
124 60 31
17 83 4
128 33 29
37 130 50
138 102 26
29 8 11
50 157 37
98 72 3
10 124 29
112 55 40
5 1 18
192 6 16
39 184 14
173 121 37
69 165 11
129 190 13
71 96 25
159 5 50
140 189 28
76 1 20
31 51 31
32 92 42
57 169 40
43 157 1
165 99 25
148 12 11
163 139 10
162 65 31
155 185 26
35 26 24
192 115 40
63 72 39
48 43 29
166 114 13
102 164 5
20 13 43
40 37 28
135 26 21
112 170 51
194 149 25
73 177 13
108 12 3
194 84 17
23 84 50
145 37 4
22 15 12
126 87 28
32 188 32
66 52 25
43 111 15
190 94 25
179 121 40
103 84 51
164 175 15
15 20 17
55 111 14
141 160 47
51 10 5
18 160 1
136 171 2
193 174 10
116 41 4
164 12 42
197 62 15
116 63 28
59 166 10
94 15 34
141 92 28
9 92 48
3 57 31
147 104 14
177 121 18
44 95 42
75 28 1
150 135 35
103 143 26
153 146 38
163 93 3
99 163 41
20 118 4
40 36 30
45 39 12
146 36 21
148 61 39
32 93 17
29 13 12
31 14 40
195 179 16
13 77 10
140 2 45
9 111 1
32 47 6
11 12 22
123 156 29
70 191 31
143 26 33
175 144 51
80 196 36
106 123 2
76 199 37
184 124 29
52 186 43
45 17 21
56 128 45
2 26 22
190 8 33
82 160 43
64 34 13
54 188 22
41 195 27
114 178 11
101 93 24
199 78 17
50 91 8
91 158 43
179 43 48
148 38 18
45 136 34
68 146 16
58 162 30
53 168 44
65 174 18
168 172 32
81 44 24
80 2 42
98 194 27
73 180 23
47 58 24
15 57 24
106 107 50
141 65 29
186 137 43
181 89 49
195 118 46
147 99 5
28 90 29
73 30 28
199 74 51
174 124 28
118 37 13
49 103 9
133 82 3
44 135 7
20 163 40
161 125 51
81 121 27
186 63 3
7 9 1
173 191 29
57 160 21
81 155 21
25 34 19
68 163 50
143 20 40
165 83 12
146 80 3
73 109 2
139 142 39
55 36 50
170 25 47
138 149 30
195 68 22
114 111 25
10 159 35
181 76 31
102 113 30
112 22 51
151 76 31
75 125 5
40 173 6
27 174 42
186 136 26
196 46 50
96 199 12
18 110 34
5 59 51
198 112 37
47 134 6
118 13 14
95 85 8
37 60 41
3 124 11
126 73 13
157 145 17
117 12 20
114 124 4
94 120 32
93 5 23
51 177 10
19 20 20
105 106 21
133 171 18
32 99 15
189 22 31
36 46 36
62 73 6
194 195 11
113 95 49
114 56 26
13 75 17
1 86 42
48 193 19
156 98 19
53 77 45
66 188 29
167 56 50
55 53 20
98 10 1
96 100 23
197 58 43
18 189 3
59 163 34
96 106 45
82 85 35
77 15 49
72 66 30
168 97 39
145 100 50
9 143 40
173 72 3
135 199 44
61 66 4
187 98 44
56 87 30
72 193 25
77 25 35
134 175 49
43 133 29
109 144 3
107 122 15
123 144 43
44 184 38
139 173 23
28 85 5
55 13 8
35 31 14
143 85 40
36 120 25
198 117 10
96 122 36
120 161 31
104 185 6
10 143 36
91 166 9
84 125 27
1 90 8
16 90 16
53 175 4
75 189 34
189 104 42
175 11 9
184 58 38
99 190 40
83 89 29
155 95 3
11 32 6
39 14 2
26 3 27
171 63 36
135 61 13
119 116 40
14 198 51
177 63 18
145 170 49
68 138 13
111 38 37
84 98 5
177 112 42
149 31 33
128 61 31
17 194 12
181 68 37
81 89 46
175 59 36
196 154 25
29 73 15
140 146 30
53 189 12
80 161 51
20 17 48
68 60 14
149 94 13
39 167 10
100 117 5
54 50 31
15 11 43
54 130 46
39 54 43
152 195 9
156 198 30
12 150 21
117 60 13
24 6 23
133 181 11
84 79 31
121 67 7
119 77 24
136 56 27
24 185 49
75 197 15
194 189 27
195 72 8
71 110 23
3 1 42
96 183 16
142 184 5
25 28 3
106 79 4
146 159 4
91 47 22
115 84 1
165 117 3
167 165 41
194 15 26
28 109 42
176 132 7
170 90 25
111 27 10
77 99 15
98 116 40
165 172 47
151 168 25
162 191 44
14 57 8
16 123 24
44 188 15
125 152 45
15 195 27
120 96 51
149 185 37
72 182 12
55 32 50
14 25 46
112 132 7
170 49 50
158 153 26
112 96 29
108 156 7
183 140 43
111 10 51
16 104 44
15 167 29
109 88 4
152 160 29
128 68 44
110 169 47
125 179 51
44 147 38
24 33 21
174 21 26
62 13 16
88 158 20
170 55 24
114 187 44
32 29 18
109 161 27
31 176 3
199 171 22
134 35 7
160 171 47
117 153 21
149 67 5
153 58 20
169 105 20
75 64 12
37 58 30
172 123 24
170 3 37
88 102 4
95 191 16
81 196 31
7 127 24
133 20 5
193 37 4
113 24 24
179 68 16
188 166 24
102 126 42
85 138 47
107 51 18
152 103 29
144 196 6
2 55 24
156 22 3
47 155 32
155 127 25
114 61 2
133 194 12
166 45 30
32 13 26
165 133 3
34 150 46
52 174 48
37 146 25
20 193 10
114 175 17
186 124 24
139 182 36
64 184 3
141 33 33
190 83 5
134 127 10
63 61 14
189 91 15
154 160 45
85 32 46
83 185 39
37 113 23
12 118 48
131 68 28
160 83 3
172 195 41
93 77 51
58 189 4
191 165 4
133 172 13
166 68 14
27 93 32
148 25 36
5 52 13
90 104 8
55 61 40
47 25 30
64 60 38
96 11 12
22 121 51
49 138 19
10 65 43
120 6 39
59 197 11
89 147 12
195 28 39
198 148 40
99 14 23
25 56 29
184 108 28
169 49 44
16 150 26
168 15 48
94 85 20
55 9 22
113 50 20
2 124 4
144 73 28
73 112 34
176 71 3
100 161 14
161 10 47
54 28 7
192 56 20
187 105 37
122 16 43
158 151 49
143 91 44
111 46 47
29 71 50
181 106 10
108 110 20
195 85 28
41 198 35
178 68 45
160 32 10
13 12 29
17 179 34
144 67 19
159 178 36
44 1 46
79 139 17
29 16 37
187 47 34
131 7 34
41 110 25
106 130 6
24 3 12
84 132 25
76 43 46
64 1 29
198 58 33
10 22 39
74 54 5
156 4 36
111 3 12
165 40 35
141 32 19
97 37 11
79 187 26
41 34 19
199 101 49
159 160 31
71 136 19
165 119 49
199 80 2
2 91 18
105 122 32
132 13 35
64 62 29
61 16 8
169 92 18
172 15 23
138 110 22
98 165 50
80 8 46
101 21 27
168 134 25
187 50 22
20 21 4
142 134 46
12 192 19
31 164 1
48 69 36
53 6 17
54 157 11
51 145 15
129 5 42
144 54 15
113 171 38
122 60 36
129 118 6
191 45 24
86 119 13
19 149 30
27 11 44
153 12 50
147 95 8
76 35 22
96 64 11
29 24 22
40 94 11
184 121 49
117 42 31
163 29 5
121 27 34
169 91 44
90 9 24
131 85 29
9 41 11
35 27 11
78 161 44
163 60 39
85 193 38
40 193 5
22 95 37
165 136 23
122 120 51
117 161 48
51 192 36
76 10 21
187 5 26
114 55 41
23 38 1
81 22 20
170 37 12
1 132 13
130 189 33
16 69 31
25 67 22
77 72 24
164 197 15
193 178 43
69 97 9
87 166 8
77 38 4
4 183 42
41 61 6
52 69 30
34 122 12
109 96 20
6 97 6
70 36 37
171 46 24
42 19 18
2 33 22
171 198 49
93 132 35
168 171 10
29 195 13
115 71 43
161 53 49
54 115 13
118 45 32
147 185 17
28 52 20
80 89 6
25 158 14
116 175 26
99 198 35
52 64 28
110 33 23
71 161 24
32 12 45
184 165 25
181 96 32
147 199 12
82 21 39
117 63 20
187 137 27
144 149 45
182 160 38
138 103 26
34 56 13
89 35 20
7 13 4
180 67 33
50 49 35
61 86 33
196 148 25
56 21 19
32 56 7
67 185 24
145 139 35
51 170 49
178 82 49
5 90 27
23 55 43
149 11 2
115 198 20
143 61 33
195 5 25
117 45 51
113 187 35
9 3 9
78 123 40
124 162 42
182 9 48
116 64 13
19 4 28
138 70 21
18 57 1
139 35 7
90 163 13
72 124 12
191 170 30
160 37 35
82 42 26
152 54 20
153 173 43
35 48 12
41 128 27
159 198 9
68 139 42
185 169 42
6 104 35
70 168 12
140 91 47
192 28 35
65 12 12
163 178 28
7 17 42
6 148 35
3 119 35
111 94 39
198 38 12
15 3 24
32 38 10
6 66 15
50 174 5
89 105 23
189 127 25
131 49 18
185 142 13
186 106 51
9 54 11
83 78 40
117 26 1
48 194 46
140 95 13
41 72 50
42 29 13
97 144 28
80 53 5
73 128 33
119 59 40
186 13 17
189 40 42
87 85 29
117 33 10
1 99 11
34 28 36
164 53 41
29 15 50
148 195 32
58 139 26
24 58 24
68 72 19
111 177 32
83 97 18
141 198 26
54 107 23
19 180 35
115 78 20
170 8 19
34 29 48
83 61 43
63 133 38
176 88 9
43 150 17
183 16 47
159 58 20
191 155 48
11 1 27
73 2 7
36 150 19
28 11 18
14 156 31
128 14 14
50 189 4
90 72 24
152 162 9
168 61 46
14 23 3
185 41 13
7 108 21
141 167 25
34 88 43
167 35 7
116 194 19
188 103 26
153 26 14
182 163 21
184 151 23
120 79 5
124 15 32
185 30 21
105 38 37
45 178 12
186 156 24
104 23 40
155 198 48
188 159 10
45 79 31
9 99 9
159 118 20
88 157 37
32 89 50
110 62 7
2 119 8
84 157 32
155 54 7
199 137 20
106 53 21
45 13 32
112 30 12
3 169 38
146 111 23
24 94 12
199 98 16
181 21 34
67 142 38
9 145 27
69 112 15
84 111 14
144 27 14
141 42 49
81 98 8
60 191 26
110 119 26
159 74 45
7 139 5
109 15 32
157 181 34
119 173 16
121 172 40
75 98 23
67 140 50
198 54 46
178 177 35
16 180 35
166 32 43
197 32 3
21 46 48
75 105 4
22 30 13
155 38 29
3 48 13
56 55 11
129 195 42
30 61 27
38 54 42
89 14 5
174 96 19
79 13 14
134 12 51
114 30 3
5 141 1
173 65 20
42 194 24
14 26 35
24 140 18
138 157 6
19 164 3
37 52 27
175 78 41
137 144 50
192 57 19
19 159 17
132 79 50
116 197 32
158 70 28
94 28 48
44 174 43
159 182 10
117 43 40
2 155 1
107 97 21
148 73 2
187 4 1
22 187 9
22 71 7
38 138 9
190 27 38
183 102 31
58 14 30
57 141 36
199 177 33
122 148 14
186 77 14
95 75 47
8 163 40
198 124 34
196 101 37
178 37 44
70 114 25
44 152 40
8 115 20
110 105 37
108 196 28
100 45 48
165 120 43
174 135 37
83 60 47
183 196 25
27 32 25
104 143 30
101 65 6
61 102 7
169 74 17
112 136 30
62 89 21
130 31 49
124 195 43
10 69 35
101 104 12
147 21 22
68 1 21
77 193 15
132 28 25
116 172 33
123 56 33
165 91 4
170 82 31
8 31 22
181 192 41
136 28 17
36 56 1
175 172 44
192 114 35
2 19 9
173 13 1
158 18 41
118 126 47
100 91 27
5 51 11
8 196 9
52 61 1
122 82 16
151 33 27
100 135 43
128 51 26
67 133 42
73 195 15
25 180 23
89 46 48
105 21 5
58 60 42
166 192 3
56 71 9
82 193 40
9 123 13
156 184 7
62 198 2
132 137 45
70 4 6
123 10 33
111 104 26
150 90 31
38 194 36
42 31 28
35 189 45
18 52 46
178 147 19
130 171 29
13 83 12
146 51 38
86 97 18
118 154 51
39 139 26
63 39 48
149 183 14
63 97 45
1 123 45
171 74 9
189 196 44
148 185 12
133 152 36
10 136 13
167 63 16
130 88 28
83 14 45
165 2 36
87 186 22
42 190 15
128 2 26
12 73 36
112 4 19
38 185 9
161 104 1
110 125 40
177 37 13
163 127 28
195 18 21
91 54 5
32 147 27
142 35 33
99 108 28
62 158 28
147 64 44
163 107 21
171 43 23
61 50 38
179 33 32
41 44 10
175 58 35
10 193 25
142 95 23
121 106 30
61 133 7
39 155 38
58 33 22
106 117 41
128 52 37
20 147 11
97 193 39
44 113 20
176 78 2
123 122 19
93 138 31
81 24 6
124 144 12
118 170 28
176 85 18
185 177 9
68 99 22
3 159 6
114 139 48
184 192 29
89 186 49
125 73 25
77 30 1
179 13 2
37 8 17
41 11 32
194 182 45
82 102 33
56 39 39
149 172 2
108 163 22
130 103 43
168 60 16
55 34 32
49 164 37
2 111 20
112 157 14
50 126 44
7 132 39
79 174 49
165 154 15
25 85 1
127 108 14
59 120 11
140 42 30
92 25 16
171 75 40
109 111 29
172 2 26
38 112 34
65 100 40
110 124 47
155 148 42
26 43 10
184 47 6
195 116 32
105 155 7
133 138 41
123 197 25
122 196 48
193 120 20
68 122 49
63 85 14
169 134 35
143 110 20
85 99 43
121 28 5
32 120 22
95 52 32
17 21 29
94 197 22
170 78 8
193 99 4
119 186 31
31 74 23
63 29 31
40 112 4
12 7 3
25 71 45
26 67 37
5 160 33
139 129 6
75 158 11
189 154 41
168 158 44
24 18 43
33 123 23
67 9 17
49 159 34
46 134 36
41 142 28
178 107 10
147 61 1
75 146 44
45 103 29
142 120 13
27 33 36
81 173 47
73 134 34
9 84 2
2 99 30
45 174 40
155 98 14
146 2 47
194 51 48
166 14 24
100 106 12
41 45 34
158 46 30
181 30 40
142 164 14
6 146 17
8 94 41
90 149 31
111 160 17
21 197 42
73 122 43
76 34 41
137 99 4
108 78 43
45 35 47
61 167 24
148 96 37
32 176 17
87 185 27
29 144 38
59 42 38
148 101 1
56 92 16
126 33 27
143 7 24
127 111 21
29 168 30
139 111 17
1 120 24
4 73 21
87 140 32
134 97 4
138 4 33
117 127 50
170 39 16
152 188 48
27 88 8
51 165 9
15 105 20
75 72 27
21 135 47
6 71 7
76 16 39
192 174 14
29 121 13
188 119 30
52 148 31
197 186 47
189 37 49
89 133 3
89 170 48
40 32 15
61 22 49
117 41 7
189 38 45
3 42 46
35 6 4
79 102 35
76 182 20
130 96 46
20 178 16
165 16 1
68 20 37
71 94 29
10 198 13
137 154 39
131 148 28
65 97 35
178 60 19
182 59 17
30 123 27
102 158 24
140 92 37
120 192 44
69 108 16
136 95 37
159 151 51
47 44 11
181 38 6
94 50 14
110 170 46
84 50 31
132 168 51
111 30 51
29 109 25
99 18 36
46 17 45
98 70 10
140 88 22
195 159 17
177 39 8
44 16 17
47 36 14
136 135 29
12 188 35
188 135 22
129 168 4
112 59 23
136 181 17
6 131 23
147 27 15
174 74 39
14 124 35
175 102 46
97 199 42
136 98 35
135 190 24
12 72 19
139 115 13
2 52 43
121 149 18
76 154 51
187 93 42
77 174 50
162 149 35
115 73 34
134 148 5
38 82 49
79 195 22
33 3 15
186 48 6
28 137 49
146 156 29
45 53 20
56 164 39
87 180 30
195 120 5
178 41 6
194 85 13
197 81 17
101 87 14
147 135 25
111 199 37
93 89 33
31 87 2
97 195 17
194 76 43
118 164 43
76 130 12
39 128 22
12 83 49
119 61 51
138 182 40
183 57 39
102 26 44
40 59 42
89 6 28
7 99 19
143 123 1
192 176 4
103 163 50
177 36 3
63 42 2
46 108 22
38 68 2
143 81 6
1 78 14
35 84 36
96 57 46
59 48 43
76 84 20
18 122 49
121 63 12
176 84 17
165 195 22
19 132 37
125 87 12
103 186 3
43 141 41
148 130 50
14 64 3
152 129 24
16 174 40
180 91 40
78 109 4
84 33 33
30 58 33
89 191 10
57 68 51
131 126 34
156 150 44
74 1 9
114 107 39
86 160 7
40 53 33
115 119 24
108 26 29
112 159 18
155 132 3
26 50 23
48 11 7
146 5 42
136 193 31
5 196 35
58 117 42
43 70 25
152 31 36
56 118 30
111 29 15
27 184 21
33 99 42
188 181 31
57 26 19
9 134 4
51 89 5
149 112 49
178 142 35
117 59 38
165 17 2
80 9 41
187 68 6
90 74 37
181 77 45
69 149 31
149 134 39
72 134 6
190 161 26
17 151 1
87 57 7
59 37 37
59 178 26
15 66 34
30 50 10
10 104 17
175 108 39
41 144 9
69 147 2
133 92 24
19 116 12
160 100 17
72 83 42
120 54 46
178 96 19
156 34 20
176 178 1
151 188 5
168 156 29
52 70 33
71 193 33
113 51 17
35 47 36
62 88 42
70 34 5
130 199 9
166 40 36
108 8 9
34 173 51
83 118 22
152 123 6
19 193 44
154 80 47
153 60 25
16 78 36
166 100 7
106 1 34
140 174 2
72 53 25
157 100 28
63 94 15
156 41 29
91 77 34
112 93 28
3 157 28
140 154 4
29 153 44
97 121 30
187 6 6
13 154 33
175 82 10
133 84 12
142 88 14
32 181 9
159 141 15
93 48 5
137 89 41
129 149 21
75 117 9
198 162 13
132 65 43
129 61 4
22 14 27
100 75 3
181 74 32
110 84 31
130 122 32
61 161 5
174 133 51
35 103 17
18 163 46
102 199 28
65 72 32
71 149 50
52 93 48
81 92 5
179 46 44
125 82 2
192 85 44
83 79 44
166 98 6
51 134 48
162 125 37
100 133 47
165 32 51
167 51 41
56 133 13
53 169 20
44 46 40
73 8 41
39 187 17
1 138 19
79 180 15
163 7 2
135 77 5
66 159 30
152 163 49
29 88 37
69 124 34
177 82 8
59 125 31
190 55 25
8 129 24
49 70 38
138 185 33
52 76 40
3 187 18
32 97 28
39 62 24
52 116 20
146 38 39
144 168 42
159 114 26
120 157 42
2 107 8
130 24 28
89 188 50
176 7 26
150 171 34
34 59 40
139 19 20
137 172 6
155 6 48
156 163 35
89 97 42
193 157 35
126 193 45
173 87 34
35 72 35
198 47 43
132 149 11
173 165 47
60 161 1
190 194 9
159 72 47
111 64 41
2 89 35
93 35 21
59 23 11
113 97 31
56 109 27
73 105 50
106 30 24
64 142 8
16 124 18
110 181 13
57 45 14
162 46 31
174 188 33
123 158 11
20 179 26
78 138 8
109 174 30
158 93 15
103 4 9
189 141 31
159 16 50
89 91 12
20 94 49
21 15 3
33 75 41
42 184 14
142 195 25
102 86 43
92 38 10
187 164 8
60 81 41
117 133 25
90 198 47
57 131 9
76 61 15
184 122 10
195 43 23
38 162 38
183 70 39
14 70 19
76 59 7
189 146 22
172 192 10
22 162 49
73 159 19
71 190 32
85 86 27
115 2 3
178 189 20
11 99 42
109 36 34
166 108 31
173 104 8
126 27 49
176 18 37
107 116 20
182 165 16
142 157 18
192 8 18
35 75 50
74 177 41
114 42 28
77 184 43
182 69 14
31 101 2
167 100 20
63 95 10
116 96 9
70 107 39
143 115 28
88 37 39
95 7 33
154 74 8
155 33 22
48 99 51
31 179 29
50 194 42
31 18 6
155 94 47
81 141 29
110 96 12
56 97 32
19 138 32
87 139 49
3 83 44
107 23 46
91 163 24
178 33 8
72 133 51
53 104 9
142 192 20
82 135 37
197 36 38
18 54 24
122 186 43
25 179 4
97 45 17
129 196 32
134 186 38
44 97 42
139 36 51
31 113 9
14 20 48
119 36 14
47 80 17
178 187 48
128 160 4
157 128 19
123 66 15
115 186 23
79 73 34
55 67 48
90 189 15
40 60 45
175 148 12
125 33 19
186 180 35
34 155 24
133 150 12
76 131 41
173 108 2
193 113 19
74 158 33
77 175 5
15 158 44
20 87 46
127 130 11
168 68 9
155 174 3
35 32 46
45 65 1
35 149 51
156 13 36
140 16 11
54 189 36
166 64 41
38 86 16
173 112 37
118 186 38
14 125 20
83 177 51
145 136 8
198 153 7
104 81 24
18 196 42
33 45 5
96 7 12
68 18 41
140 83 27
32 121 16
48 102 25
53 32 9
88 166 49
2 175 13
77 34 38
56 168 48
182 192 29
136 197 38
130 119 10
68 84 18
169 180 49
13 81 47
192 187 44
104 132 42
16 131 37
127 190 48
28 61 48
191 47 1
111 147 18
187 27 44
14 158 37
97 48 35
176 43 47
128 92 16
88 56 30
13 69 23
196 128 44
47 193 21
124 6 51
116 142 45
112 67 13
114 148 20
47 182 42
16 21 42
51 43 24
105 193 15
176 53 1
113 93 33
147 10 19
177 40 8
58 166 33
181 107 29
26 146 22
79 16 27
81 130 47
145 161 17
145 40 25
173 47 50
96 83 9
33 138 46
190 153 26
104 188 12
71 118 25
87 159 45
198 37 24
19 153 10
6 28 33
60 69 43
73 52 47
147 3 26
14 113 5
116 38 20
172 41 47
44 20 34
28 39 34
128 146 7
184 190 50
89 157 10
174 5 33
8 84 32
195 149 12
154 41 32
170 32 17
199 41 22
167 91 15
130 25 1
123 43 17
15 156 50
137 29 38
139 71 21
74 88 24
71 42 19
153 187 39
51 162 23
181 186 5
120 169 20
68 53 30
115 60 43
76 167 18
85 105 19
134 173 1
37 168 11
189 121 38
71 102 40
84 31 6
151 164 8
40 93 5
156 158 40
10 55 15
33 130 8
61 36 13
123 67 26
92 163 34
145 1 14
184 196 51
50 68 34
46 24 44
123 32 2
180 38 44
104 186 19
69 169 39
194 156 48
82 7 31
171 165 44
117 114 9
90 30 3
164 13 44
156 39 37
93 196 25
21 86 21
13 70 9
138 125 18
67 138 49
21 39 22
35 59 29
164 110 46
151 157 50
66 121 36
97 176 45
63 6 16
107 87 43
12 27 2
1 66 25
105 18 33
121 158 40
178 171 51
140 155 35
123 75 48
88 182 2
114 6 12
1 16 37
182 143 4
189 150 41
13 108 35
184 84 39
141 177 47
49 6 46
100 141 26
28 172 34
13 175 40
176 153 34
6 51 24
113 3 49
33 169 25
149 126 25
25 83 2
160 52 7
79 9 29
39 2 36
193 138 31
180 157 19
61 88 11
101 78 46
166 148 9
193 122 19
120 57 22
51 196 6
33 144 49
137 95 1
86 186 34
54 148 24
148 182 23
27 135 4
187 7 13
98 24 35
144 120 28
30 162 14
182 18 17
25 172 38
35 183 15
146 27 36
50 74 46
53 74 37
155 176 28
175 153 17
1 95 26
31 193 3
188 64 12
45 72 20
33 182 33
95 38 30
59 162 46
177 158 30
104 187 10
112 140 41
151 131 27
53 2 4
26 33 7
64 48 35
14 173 47
68 15 12
162 95 21
149 123 49
87 40 42
175 15 33
94 151 19
121 76 29
159 153 9
53 124 18
73 150 42
159 11 33
30 48 24
77 40 47
56 4 17
147 102 28
33 180 25
186 73 17
67 11 43
147 195 13
98 119 15
190 87 3
161 130 18
2 134 1
56 176 26
149 29 47
156 115 40
113 198 5
133 5 33
56 28 3
125 124 17
154 79 28
179 156 20
182 188 2
145 104 24
126 66 15
130 198 21
98 93 18
81 61 48
25 44 37
29 191 29
46 33 2
169 85 13
3 77 5
55 144 39
81 66 40
6 85 43
123 87 24
46 83 3
61 18 20
143 28 32
125 91 13
145 108 13
58 168 38
117 53 3
150 176 41
50 166 39
173 188 49
7 70 6
5 181 36
182 153 37
91 136 1
183 198 1
194 19 18
46 138 7
109 50 19
177 155 3
105 107 12
120 156 33
72 180 45
65 18 49
120 56 28
103 68 7
85 23 2
73 95 8
21 81 2
49 51 47
91 132 1
121 38 46
10 155 26
140 51 8
131 173 18
117 38 12
122 58 8
52 80 28
106 108 42
44 139 29
183 64 43
187 54 11
48 133 13
199 193 18
132 136 51
19 6 34
100 68 50
7 48 19
135 197 18
160 108 37
20 92 4
136 170 24
109 30 29
165 89 30
191 90 42
106 177 5
85 164 51
145 181 11
73 57 46
33 40 1
189 159 47
195 7 43
54 110 11
26 65 25
20 108 25
109 74 31
119 161 25
138 146 42
125 61 24
54 30 25
99 160 7
103 105 13
17 192 28
12 96 26
43 21 41
37 162 34
178 36 10
198 39 25
159 117 45
121 119 37
95 67 4
166 27 41
19 124 46
75 11 39
181 116 7
186 72 38
182 45 2
194 54 46
126 8 35
127 87 32
76 119 33
94 44 21
86 103 20
73 179 32
102 13 22
105 149 46
175 138 34
38 35 24
144 14 28
117 116 36
164 22 35
58 53 8
84 96 36
167 153 33
19 190 24
40 170 34
14 18 30
138 132 17
46 64 10
2 82 47
170 98 27
113 105 27
156 50 45
146 160 10
102 10 27
151 106 31
72 109 3
116 15 26
21 148 5
143 152 28
81 40 7
60 2 9
139 89 21
36 190 7
181 51 37
123 36 2
46 6 22
102 92 25
156 42 30
159 99 20
76 94 15
11 155 25
134 130 16
71 125 51
96 172 8
96 10 46
180 2 14
121 13 48
177 77 39
154 26 40
193 66 25
90 148 17
89 163 46
139 124 23
53 143 40
50 172 16
175 5 26
22 46 14
143 2 48
118 141 17
146 71 11
24 186 36
77 108 46
144 64 17
176 191 7
24 73 29
150 115 39
36 195 45
88 175 20
195 33 7
46 160 39
15 193 6
112 106 7
161 189 19
10 174 14
14 150 3
160 45 36
126 129 16
94 119 22
190 167 38
56 183 45
45 151 9
83 15 7
122 43 25
1 105 32
150 91 16
177 49 32
134 79 8
65 21 7
98 82 2
22 88 3
143 52 36
21 106 13
27 81 30
193 124 7
88 24 14
146 100 51
46 141 23
41 14 30
20 45 43
59 49 17
167 133 15
86 90 31
97 15 15
47 69 51
22 182 46
190 76 27
143 101 15
2 164 34
185 80 36
20 76 4
57 150 50
3 21 8
18 135 48
29 118 24
65 145 34
70 22 44
136 1 48
17 103 41
115 125 3
7 27 44
193 190 50
195 101 11
98 180 29
161 12 41
33 63 19
37 5 48
101 127 2
61 118 12
92 10 36
26 199 31
131 92 23
43 87 35
115 39 17
1 175 50
126 192 8
70 116 13
153 22 1
55 147 23
43 96 32
115 110 9
81 128 26
55 25 47
12 184 23
107 24 18
137 147 21
26 41 15
145 10 9
182 107 35
191 143 10
109 94 34
78 187 51
46 193 17
15 82 26
16 175 1
84 109 44
122 191 2
87 155 7
91 145 22
43 80 32
120 39 32
89 190 22
193 104 27
128 119 46
162 54 13
153 61 34
87 195 7
76 157 42
174 12 17
187 31 22
15 151 7
122 72 50
177 44 44
39 72 41
125 25 37
127 72 10
47 7 4
47 96 15
143 55 2
71 152 45
137 11 7
24 83 29
122 62 28
55 6 9
183 49 11
70 6 24
117 73 19
168 96 10
1 194 12
11 134 43
28 112 10
107 84 19
164 145 11
41 125 49
109 14 12
189 29 26
108 73 38
69 122 27
149 63 9
165 18 39
90 159 27
127 49 50
144 79 43
145 175 15
133 134 51
92 24 13
9 33 28
42 148 38
127 119 40
27 116 12
57 143 21
160 138 44
198 134 13
31 175 19
128 172 16
167 77 13
47 122 23
57 116 12
111 188 5
158 33 48
128 31 20
78 93 28
107 75 26
182 196 32
127 183 10
68 160 42
89 102 3
79 44 3
197 170 25
21 143 38
112 103 4
154 143 29
126 13 20
124 31 39
83 22 43
174 97 23
180 131 6
133 188 4
57 111 5
54 106 7
100 56 14
111 137 30
136 85 16
92 11 47
119 141 44
50 82 49
80 6 22
84 128 15
83 53 19
85 152 25
195 188 21
16 39 30
107 179 36
15 147 9
68 183 44
57 8 51
111 47 40
185 47 16
128 188 14
163 35 36
185 44 42
199 150 3
123 38 13
194 111 16
117 168 10
178 67 25
38 25 32
174 69 45
157 170 31
114 169 36
164 17 9
181 86 38
8 24 39
111 98 37
1 135 24
185 79 39
116 4 16
14 94 1
60 159 23
92 54 4
44 102 46
98 102 41
29 92 25
120 147 8
109 65 3
98 108 19
69 8 17
189 93 2
22 109 19
48 158 4
169 142 20
63 137 49
77 190 12
198 71 39
135 142 47
90 55 13
21 95 25
59 110 5
136 9 5
149 167 13
89 87 6
36 126 2
189 24 14
51 80 16
195 3 45
134 40 14
79 196 45
12 88 14
197 60 38
121 165 37
163 130 37
156 101 3
181 70 6
149 181 7
87 148 34
81 183 25
168 7 15
13 125 32
5 39 34
162 56 45
125 199 34
80 59 34
122 21 14
63 165 14
156 67 36
134 115 17
131 87 16
52 112 6
150 148 26
185 11 4
40 62 26
54 70 49
137 75 19
190 182 41
114 51 20
156 20 25
134 106 20
174 117 9
153 112 43
160 185 36
101 171 43
116 78 33
32 105 49
47 188 17
17 133 45
41 87 38
150 114 13
100 155 34
154 7 50
29 182 51
75 145 46
188 154 2
138 41 19
10 151 4
194 56 22
4 106 22
158 129 23
81 154 16
34 21 3
90 126 21
148 152 9
27 177 32
167 25 10
128 187 4
53 60 20
144 20 8
64 135 34
4 46 7
110 26 20
76 172 19
23 122 41
92 33 24
198 101 40
38 157 24
122 36 11
137 179 46
73 46 47
155 30 2
63 138 12
150 179 12
154 162 16
145 119 43
147 180 31
46 151 33
64 151 13
154 100 26
73 100 5
151 109 35
129 43 34
69 153 34
59 98 46
113 46 34
144 183 48
60 123 11
98 88 20
159 39 17
82 129 46
135 103 33
56 1 26
25 119 35
102 134 23
74 162 31
159 142 12
140 113 10
153 148 28
36 111 24
15 35 49
46 101 34
150 101 49
174 54 25
109 184 45
180 139 46
128 82 39
167 185 37
3 27 13
100 105 39
3 53 49
16 50 36
127 30 27
26 52 45
82 91 43
118 124 42
158 38 10
114 3 50
96 88 13
152 11 18
94 41 12
92 45 46
192 195 43
176 138 29
101 52 33
68 63 47
23 131 30
69 110 6
1 110 28
104 12 3
57 71 8
191 190 31
159 82 18
57 168 36
38 134 30
18 164 32
5 114 35
121 118 31
109 12 1
102 20 2
13 44 33
52 47 18
144 115 38
142 92 35
32 106 48
5 138 37
132 174 36
99 185 34
194 68 29
130 27 33
196 67 7
105 125 5
46 94 35
136 151 36
80 100 19
139 107 14
3 93 46
113 106 20
195 77 37
125 44 2
110 148 36
186 60 22
26 94 22
27 168 1
137 118 42
102 128 1
87 69 18
32 73 21
163 199 22
87 67 33
159 54 28
55 136 12
145 190 48
50 129 15
166 34 5
7 192 8
194 186 30
151 165 30
192 148 50
2 66 9
63 179 5
80 41 4
111 23 5
121 16 35
130 153 28
38 132 45
32 74 47
89 134 4
106 110 36
167 145 26
89 7 9
53 35 50
188 186 18
3 171 28
163 151 26
102 69 24
49 34 36
17 12 5
157 160 45
52 32 1
197 168 6
94 43 10
185 84 21
192 46 20
6 59 6
136 199 49
124 89 30
86 94 4
29 74 3
148 91 17
166 102 17
112 154 1
168 176 1
75 85 20
58 140 32
167 96 39
135 156 39
85 36 5
180 22 5
15 47 28
142 100 39
46 177 41
169 27 26
19 99 47
6 77 33
56 163 17
27 110 21
144 176 11
56 33 39
146 1 17
116 67 39
26 66 4
193 43 27
173 1 17
29 131 15
56 76 51
127 47 24
159 50 33
78 158 28
62 141 43
69 107 41
41 151 18
61 77 50
88 99 6
190 155 9
154 89 19
30 59 26
86 41 11
32 23 8
86 66 43
122 46 50
5 167 49
140 156 17
60 45 14
40 167 20
50 32 44
44 124 31
48 110 7
16 146 17
104 93 38
82 5 45
93 185 9
27 10 13
138 17 17
197 156 27
162 135 24
116 93 27
112 185 36
91 52 29
169 16 47
163 44 51
123 29 22
33 175 42
190 177 29
137 182 30
158 159 7
164 193 13
65 181 30
29 4 45
175 169 31
196 134 50
112 192 12
133 81 42
64 195 40
144 160 7
178 47 13
135 95 29
69 195 2
5 194 40
90 47 23
31 79 13
172 68 41
105 3 33
17 6 35
24 78 33
125 170 30
47 27 3
170 80 39
17 11 2
47 78 31
180 31 7
20 82 4
39 27 25
116 147 20
191 54 26
46 140 39
181 140 18
105 83 46
69 125 37
87 110 33
179 41 6
50 40 1
7 16 28
106 171 16
104 169 28
121 26 37
97 66 32
121 54 21
40 99 46
186 128 5
174 128 10
127 194 23
161 13 31
171 114 22
49 5 37
95 154 8
83 95 39
187 36 43
188 18 47
12 10 8
179 72 22
16 117 51
83 111 26
46 62 28
158 111 40
132 166 1
51 130 36
113 94 28
135 132 39
151 178 16
12 39 30
40 88 51
95 71 51
28 30 49
38 65 29
184 194 18
35 143 26
168 150 28
153 62 34
48 47 45
85 81 13
168 4 19
170 92 10
40 23 4
135 184 10
175 9 49
21 37 16
113 121 33
56 102 49
25 17 22
78 65 26
87 9 3
31 192 16
14 5 7
114 23 49
198 12 28
184 148 11
59 25 51
184 169 15
4 39 13
119 100 26
89 173 46
123 133 11
71 156 17
114 154 50
149 14 39
41 33 24
125 137 1
104 91 22
33 94 22
182 23 20
2 177 43
79 127 7
46 20 30
59 63 48
194 80 2
60 98 3
14 163 45
183 157 20
126 65 6
23 92 16
37 27 1
163 6 4
147 156 7
17 29 37
198 64 46
127 198 5
15 63 2
128 75 33
63 36 22
131 177 16
187 26 46
44 193 17
111 145 5
177 184 43
29 79 6
26 42 34
22 146 8
158 8 24
91 164 42
114 8 6
184 65 25
26 88 51
67 4 6
30 55 36
180 111 32
101 17 46
90 105 33
63 76 42
110 182 51
7 167 41
100 181 41
72 21 19
169 135 32
67 54 38
115 93 31
61 79 13
108 22 5
106 91 17
198 103 36
31 36 26
192 162 6
27 53 40
72 102 5
50 63 42
23 183 35
194 199 1
31 68 25
156 116 42
51 92 3
7 98 29
82 33 48
59 179 14
151 121 42
83 59 1
176 70 33
132 116 15
124 18 1
121 124 30
147 93 24
153 65 20
72 117 37
28 190 18
25 127 1
81 125 45
127 118 13
88 151 42
37 24 35
56 94 19
70 118 13
146 7 13
110 156 12
46 50 8
14 193 34
34 154 5
51 9 34
86 135 32
168 75 6
69 170 12
166 122 42
106 27 6
126 56 13
131 65 34
53 145 35
170 163 40
62 90 22
157 190 46
168 18 38
163 113 50
191 9 49
104 97 29
199 127 40
97 114 12
99 34 25
117 162 12
76 183 6
80 72 31
52 63 9
12 133 44
27 78 5
83 136 12
178 188 10
190 18 4
79 15 6
146 172 2
62 117 21
74 67 4
19 7 2
17 32 2
195 162 20
68 30 46
111 45 19
8 32 1
136 153 38
57 65 49
161 63 13
165 92 16
23 12 31
25 104 47
143 185 14
107 82 34
23 127 47
163 111 30
4 18 17
111 39 37
7 84 13
108 120 32
177 3 14
87 122 2
60 61 33
38 122 33
153 124 16
197 120 11
13 61 48
150 10 24
16 37 15
109 156 15
98 126 34
24 141 42
155 136 7
91 14 12
123 59 26
138 187 35
163 161 28
20 36 29
59 140 16
180 82 10
169 7 41
37 42 21
50 52 11
108 71 22
154 59 46
199 148 50
182 85 38
7 83 23
164 179 39
180 156 31
81 192 49
7 135 50
1 121 16
104 59 23
153 49 24
144 167 47
37 148 23
92 121 4
83 108 49
104 120 48
109 23 46
54 77 21
108 86 18
7 124 38
198 129 6
43 114 18
163 84 11
22 74 28
42 89 39
180 184 45
91 152 46
80 195 47
155 79 8
71 106 31
178 24 37
110 199 15
72 174 51
187 123 7
62 3 5
191 48 11
94 23 16
173 169 42
35 94 39
146 161 38
23 179 2
138 83 35
172 156 46
66 122 35
77 20 14
150 124 3
80 34 16
161 132 27
23 64 20
142 111 28
79 112 8
138 194 13
125 104 8
73 129 26
170 85 7
121 108 46
22 12 33
28 62 13
98 120 15
95 139 1
68 12 14
29 114 43
47 121 29
116 60 8
100 15 24
40 146 8
22 155 3
125 147 20
56 86 24
28 180 7
63 11 31
150 60 22
23 150 24
176 137 20
26 58 5
80 159 31
62 112 32
110 188 12
8 98 5
37 121 23
6 158 29
122 165 32
42 177 9
128 36 29
49 175 38
101 18 35
172 57 19
176 122 19
110 74 21
118 178 41
153 184 28
98 118 47
55 89 14
115 106 36
189 147 1
58 161 6
192 107 18
188 72 31
159 107 17
192 34 4
35 165 49
58 62 42
72 57 25
186 58 2
187 23 42
146 126 39
120 89 26
198 86 4
180 128 24
46 170 44
52 111 17
86 193 21
42 48 24
195 106 29
1 98 41
130 112 28
115 103 51
14 36 26
67 134 21
190 164 1
150 163 35
15 37 26
75 187 37
63 35 51
93 25 4
131 166 20
103 141 28
156 100 31
22 13 18
40 4 28
48 199 49
65 150 2
135 129 1
27 132 33
141 26 41
158 142 33
11 170 24
139 97 7
41 70 26
132 99 37
101 152 45
78 4 4
18 148 18
74 195 50
124 191 19
26 137 27
39 52 15
119 193 21
113 190 13
161 154 45
104 67 7
141 176 32
26 10 15
16 41 11
190 174 40
41 164 33
132 164 50
25 181 39
4 57 23
123 137 6
87 70 11
48 21 10
177 86 14
67 117 28
195 184 7
129 81 44
16 14 9
193 189 32
138 77 4
181 153 1
195 174 31
132 148 17
10 94 15
126 23 17
20 8 9
94 132 5
129 122 31
178 63 14
143 158 14
131 138 21
54 8 45
180 11 15
74 63 32
63 111 15
180 53 29
74 155 45
24 67 6
59 136 42
68 88 6
159 69 40
107 125 5
123 198 3
187 134 48
50 104 46
85 83 39
96 44 25
173 83 34
95 49 7
55 134 32
194 72 37
19 85 14
162 41 22
64 181 13
148 100 24
158 11 3
122 13 24
109 108 40
179 189 1
188 27 51
172 154 42
61 162 33
47 65 27
24 132 22
80 31 8
185 90 37
164 171 32
65 8 8
154 166 32
131 80 7
150 130 37
67 66 29
94 84 37
104 89 35
46 41 3
59 69 12
195 14 41
187 125 45
29 116 25
41 163 15
151 19 50
48 129 23
110 101 51
159 131 24
187 146 51
70 29 28
145 71 39
44 57 1
54 166 19
151 195 43
50 142 8
62 171 10
175 125 20
88 49 38
180 52 29
1 49 18
142 99 2
167 150 42
23 124 10
140 165 4
101 26 47
122 24 3
71 194 44
121 109 48
167 14 6
3 85 29
175 4 20
151 31 51
8 186 29
26 189 36
135 168 51
143 119 36
19 71 38
136 75 20
160 106 34
120 185 10
135 97 22
55 16 40
30 38 29
162 122 9
5 188 36
177 103 21
146 196 1
112 160 22
43 105 6
55 196 49
99 80 38
186 29 13
28 102 12
16 118 33
81 11 11
100 11 22
104 108 7
33 78 8
42 40 3
62 59 25
135 51 24
91 115 33
101 55 3
186 14 51
170 60 20
44 106 46
85 34 22
156 114 42
75 68 33
65 13 43
176 64 41
120 5 38
188 56 8
16 11 38
19 112 9
147 179 1
173 92 42
126 79 41
149 57 7
62 136 10
106 66 10
108 76 6
17 16 9
65 102 23
11 147 33
132 55 34
175 50 18
127 44 36
161 122 42
177 93 40
33 198 34
103 3 42
38 73 19
109 128 20
47 77 12
74 151 27
106 174 34
69 65 46
142 44 24
108 94 13
66 12 47
139 38 36
57 20 27
161 73 38
91 176 2
47 144 33
186 56 42
26 165 1
69 184 31
105 165 32
80 128 37
175 150 50
99 47 23
9 58 15
120 106 27
125 79 51
169 70 6
65 192 42
185 23 38
171 145 40
145 67 38
148 177 27
6 193 31
4 113 34
72 160 21
39 132 40
19 133 6
131 162 33
154 24 44
177 156 21
187 90 26
131 144 36
199 190 46
2 51 23
39 80 31
177 105 30
97 82 51
76 102 7
106 138 8
127 172 50
156 121 17
12 115 20
184 28 23
20 11 30
64 117 39
69 54 27
27 117 46
51 65 20
54 24 3
155 157 29
105 186 40
7 114 13
138 95 51
97 118 32
62 12 21
144 173 47
181 156 27
138 156 51
152 134 48
107 17 5
32 48 26
74 160 44
131 136 7
115 74 46
193 166 49
24 105 34
78 45 15
34 149 43
128 162 27
6 1 16
149 51 47
156 81 5
81 180 34
89 29 29
50 193 32
122 7 40
174 1 10
95 3 7
126 61 48
67 193 8
81 14 27
155 28 31
59 180 16
63 140 17
32 91 23
117 129 8
147 139 23
146 85 23
138 53 36
100 195 50
145 142 28
18 123 27
145 162 3
146 81 20
31 63 42
8 83 50
85 77 10
22 184 48
189 199 46
36 107 38
199 191 30
32 113 14
43 139 4
124 137 41
34 32 40
190 104 34
99 166 4
182 102 3
78 172 43
154 83 40
13 167 9
192 189 40
187 63 21
89 34 44
165 42 21
164 130 19
167 12 12
7 150 31
127 110 2
107 25 38
52 189 13
84 152 43
110 52 44
41 22 10
50 141 2
155 117 49
5 72 21
57 115 5
193 55 10
14 95 45
130 133 13
107 47 7
88 9 49
167 21 23
78 137 51
185 12 38
149 36 17
188 113 17
108 82 47
62 50 7
11 108 49
113 42 24
85 22 12
46 106 18
111 74 47
61 98 40
94 171 12
76 21 31
165 50 14
71 74 11
30 65 49
10 89 4
121 142 14
69 180 39
7 18 26
50 44 50
158 68 28
31 69 16
148 44 35
60 128 17
123 19 16
156 12 24
48 49 5
41 53 6
34 6 30
5 130 8
120 38 31
70 177 21
90 138 47
32 159 40
13 113 41
82 131 47
110 116 39
104 137 22
18 197 43
115 117 33
52 74 40
87 137 29
110 149 4
53 122 45
25 8 17
42 85 42
160 158 8
163 28 42
11 73 11
164 111 16
31 47 42
131 143 28
38 176 24
151 148 33
76 60 36
104 21 43
97 7 8
106 94 7
10 168 48
76 175 34
143 144 20
25 101 20
70 178 1
12 21 29
124 35 37
162 141 34
112 101 43
32 194 24
166 70 10
45 183 18
129 19 39
17 130 36
96 19 14
57 69 21
6 170 13
159 144 3
17 147 4
74 56 12
96 179 38
51 173 29
32 126 45
44 162 40
133 118 32
85 119 15
133 31 28
24 57 37
51 137 5
177 31 20
113 66 50
182 49 5
91 9 41
97 92 42
8 133 43
89 126 43
4 182 47
141 194 27
162 68 16
94 172 15
161 124 31
63 108 42
142 155 23
81 45 21
172 164 25
192 29 6
11 19 37
29 117 26
90 100 39
49 20 7
7 183 6
130 165 3
145 77 37
125 149 47
193 177 50
88 180 48
109 97 3
124 187 19
25 195 41
99 90 21
52 187 13
198 46 42
59 106 35
122 153 8
93 178 48
88 133 30
77 144 40
154 180 13
99 41 5
39 69 1
65 177 26
152 186 15
46 86 38
170 150 39
160 50 28
162 103 14
158 41 3
160 97 13
159 179 24
120 78 6
70 21 30
177 195 35
46 183 28
25 95 50
127 121 35
9 50 5
54 57 46
68 135 6
43 143 21
132 41 3
6 98 49
191 110 7
53 146 29
160 53 31
142 79 22
162 153 18
40 126 49
88 52 43
103 189 25
63 46 38
116 193 46
172 95 44
128 189 41
174 168 43
21 123 44
38 103 33
2 138 2
194 164 26
73 181 37
34 109 42
71 99 47
109 160 24
79 156 32
80 60 27
185 145 41
75 103 1
95 130 14
81 145 49
83 193 40
97 14 35
73 175 12
106 11 20
114 12 23
36 188 15
7 178 48
199 158 3
70 30 20
199 170 43
174 150 32
1 154 14
155 112 42
119 56 48
114 62 30
67 75 37
142 75 2
142 146 33
31 37 42
160 119 29
178 84 17
23 106 20
85 196 14
190 74 33
180 49 6
42 6 9
109 107 27
167 17 21
174 29 44
71 27 36
69 56 41
196 158 43
103 179 29
119 140 26
134 110 31
98 76 49
46 168 6
111 61 13
130 60 14
44 76 20
78 142 27
32 107 44
141 148 30
185 196 9
26 119 15
117 185 20
122 20 42
151 43 40
191 186 7
130 135 25
39 106 1
177 72 15
104 35 28
135 98 3
123 50 17
74 24 46
28 177 8
48 128 4
23 16 4
141 129 42
66 196 9
134 33 20
195 81 22
38 24 43
119 175 23
199 36 24
162 177 38
160 199 32
95 180 19
11 21 20
196 105 23
109 44 21
45 4 35
60 22 44
74 168 1
63 175 28
114 152 50
111 40 37
103 123 19
26 91 15
22 166 16
123 163 1
22 132 27
153 88 37
198 75 8
130 110 27
169 164 22
100 17 41
170 66 2
112 167 25
175 75 11
93 188 32
97 49 41
4 47 27
129 36 35
84 72 50
130 146 28
134 81 16
58 196 51
185 88 35
117 196 30
131 116 28
144 58 37
157 6 20
71 179 45
115 72 17
135 122 39
109 59 5
162 20 36
140 194 15
191 149 11
108 40 31
161 187 22
169 40 47
64 9 11
9 17 22
179 61 5
9 125 15
165 155 4
72 29 17
89 99 22
40 152 11
72 192 30
20 23 34
151 12 30
51 144 5
126 160 17
80 104 11
151 68 12
67 162 44
33 162 36
118 116 18
24 148 28
146 21 45
35 54 49
162 113 32
18 119 39
6 60 10
84 144 9
99 93 45
115 43 1
196 166 40
128 134 27
153 151 12
107 144 21
117 156 6
174 88 43
132 52 18
37 183 16
73 145 34
77 22 4
69 151 6
139 66 37
174 184 44
85 132 5
129 96 16
172 88 26
120 175 32
183 146 45
38 108 41
130 117 28
57 28 19
14 175 36
171 13 38
158 175 24
122 182 51
104 76 7
65 84 51
155 82 49
187 88 43
122 116 37
35 157 24
134 191 11
194 41 29
48 161 48
75 92 13
176 83 23
131 155 20
145 144 7
45 68 28
55 26 32
57 144 34
135 79 18
50 5 51
174 197 34
109 140 20
59 54 5
118 167 42
44 36 15
96 24 48
36 144 33
153 142 2
129 108 49
45 52 24
140 96 39
160 168 27
63 19 30
124 194 47
111 58 19
43 199 42
64 101 41
17 24 14
178 27 44
8 17 14
151 95 26
32 175 4
166 41 24
66 68 32
131 146 20
154 48 44
140 164 4
122 137 19
55 139 48
83 87 9
121 83 35
63 148 15
181 102 11
178 132 31
65 189 26
46 152 37
51 98 2
129 51 21
86 156 51
77 49 46
3 128 20
9 26 31
59 79 10
195 37 33
195 130 5
46 144 21
50 132 14
156 160 14
122 52 47
136 16 12
116 32 44
85 168 42
10 7 14
17 30 4
191 94 5
51 3 30
35 133 19
10 110 33
41 20 39
29 81 41
60 169 42
159 109 16
119 155 45
157 47 46
110 61 37
69 41 29
17 73 39
59 86 8
124 83 5
122 91 37
48 109 10
68 8 3
105 157 22
56 13 17
170 53 24
86 189 8
13 198 33
38 195 35
115 179 1
41 186 36
189 3 1
168 13 28
119 88 20
144 74 43
169 181 26
89 78 36
126 159 46
199 89 36
44 92 22
112 146 17
99 26 21
191 2 14
78 177 5
111 168 10
196 181 39
156 191 4
178 9 3
131 113 42
153 103 31
125 74 15
186 168 25
31 62 39
129 55 18
177 69 31
123 191 19
117 141 16
56 90 31
196 140 34
49 137 48
179 79 15
76 116 17
173 15 47
34 111 7
196 72 32
66 180 5
136 31 44
117 157 38
141 191 5
58 61 30
192 198 36
19 18 2
12 125 9
7 177 38
141 174 49
55 78 50
86 2 48
165 153 1
194 180 8
6 45 31
178 32 48
136 67 50
116 187 42
75 46 31
145 86 23
148 163 10
94 80 27
145 25 14
20 32 18
149 80 24
114 53 3
23 24 24
154 185 30
59 161 6
186 161 19
26 124 7
15 49 18
58 124 4
81 157 49
59 66 43
21 133 30
49 58 18
34 162 28
143 192 11
152 67 51
118 155 32
81 120 35
161 171 35
90 70 5
25 178 23
75 93 49
125 181 5
35 96 44
89 45 6
48 156 47
4 188 28
159 156 38
163 83 35
198 128 44
1 52 46
126 138 8
46 189 21
115 157 10
26 131 47
136 99 39
29 7 40
78 28 1
161 43 20
170 154 15
15 108 47
143 75 20
168 33 32
74 86 50
26 90 13
87 189 31
43 125 23
89 22 39
60 82 17
42 179 12
188 59 27
131 73 39
85 155 30
58 13 42
52 84 19
120 152 23
184 103 10
64 10 24
137 101 22
47 37 12
69 163 10
148 17 15
70 27 40
80 126 20
13 155 46
9 157 33
126 167 14
89 86 38
179 3 5
145 112 30
41 174 41
148 104 21
131 21 10
121 78 33
156 62 34
154 2 50
157 156 16
127 86 14
98 109 42
107 96 35
188 190 7
192 190 25
83 33 37
173 62 47
190 73 18
196 10 48
142 85 1
80 184 39
149 117 41
108 186 17
133 120 41
91 3 12
82 162 13
151 100 29
70 194 24
48 192 44
129 145 38
107 135 49
58 104 49
26 7 50
39 163 51
23 4 5
179 50 51
62 71 8
32 30 17
87 95 43
181 52 21
54 80 31
55 148 17
95 196 33
46 82 51
192 16 23
131 118 12
184 100 49
182 116 40
170 137 37
116 198 45
55 24 44
30 146 29
188 139 32
102 39 33
135 28 47
67 137 23
32 79 6
22 35 32
199 128 28
88 141 51
138 127 15
65 71 34
117 96 26
181 105 5
41 118 14
73 7 51
86 107 47
171 181 18
103 161 15
85 49 31
196 165 28
108 161 25
39 100 5
102 17 47
174 85 2
88 160 25
76 15 40
157 109 22
65 114 36
122 26 26
118 101 5
166 16 12
129 29 27
160 85 11
184 86 15
131 178 30
1 70 39
21 149 19
140 150 39
47 137 27
118 87 10
115 149 3
183 89 16
145 5 9
75 55 18
190 29 49
154 66 32
23 51 30
176 17 26
25 140 31
151 18 29
39 190 7
140 198 15
159 167 12
135 133 31
176 42 30
177 182 7
27 105 5
165 65 29
12 180 27
184 198 13
163 167 45
89 164 33
194 77 26
139 155 27
157 41 3
148 15 44
38 80 18
14 72 44
15 88 13
169 19 32
14 85 18
152 132 44
173 82 12
57 53 5
184 52 7
39 127 14
63 96 6
188 125 7
38 153 10
85 150 28
26 24 31
25 111 34
128 22 16
92 190 47
31 110 30
35 185 11
101 92 12
34 1 29
56 151 24
148 112 43
121 49 4
135 9 46
150 62 20
62 20 39
92 116 19
150 109 30
140 49 22
37 62 1
153 197 40
11 35 42
155 158 10
99 3 17
71 20 36
85 108 5
150 102 30
43 2 23
107 88 44
161 192 36
2 105 27
148 162 27
84 134 40
7 94 32
108 41 49
175 132 18
139 40 9
191 21 44
148 92 2
78 74 12
99 24 37
154 157 51
156 57 49
143 32 6
193 182 20
160 27 22
149 158 40
97 166 5
96 128 38
198 195 27
82 190 29
53 38 8
87 172 43
111 17 27
51 100 19
48 117 16
36 168 20
40 98 6
31 155 15
168 177 47
165 4 10
16 99 19
111 28 10
114 105 7
157 18 46
92 145 46
195 176 7
15 197 50
142 48 35
13 143 36
148 167 19
110 79 49
183 112 48
22 7 31
36 6 9
167 106 18
178 138 24
117 131 2
143 124 45
136 156 40
53 69 34
191 114 40
157 182 17
160 131 46
69 14 51
108 97 29
143 108 41
36 57 44
162 188 4
22 113 41
118 57 45
164 88 40
51 57 40
102 37 42
27 183 31
157 75 48
116 114 28
38 100 26
139 138 21
19 84 46
112 197 39
92 37 36
167 44 11
195 53 24
192 60 27
188 33 30
90 23 7
64 191 3
162 4 33
2 35 36
49 73 19
179 136 6
70 56 50
30 21 31
57 126 48
191 187 10
164 155 39
115 16 17
192 14 42
42 191 25
98 184 1
186 111 48
20 134 31
171 152 21
177 149 3
40 46 24
164 107 12
171 50 42
1 116 48
161 99 25
160 135 17
32 19 28
134 74 46
73 188 50
35 73 16
32 46 25
53 94 2
50 128 44
8 185 50
12 89 51
138 14 14
37 17 16
167 29 48
194 82 12
142 40 41
152 170 33
107 90 16
18 146 40
115 9 2
102 47 3
181 182 33
158 109 25
4 153 12
125 106 45
136 51 8
131 187 40
98 103 28
173 181 34
155 163 16
156 82 14
17 44 48
149 133 11
34 98 17
103 110 40
109 58 24
181 113 7
46 164 3
177 26 33
156 141 6
91 20 7
112 165 15
94 180 28
131 14 14
181 189 41
15 185 33
65 117 45
101 62 35
83 184 12
2 147 30
44 18 48
32 167 44
113 40 43
85 57 38
129 75 29
96 146 12
72 157 9
137 167 22
63 172 6
46 187 38
85 109 41
115 26 46
197 121 9
69 189 30
128 151 3
187 135 28
60 147 49
172 51 28
113 145 48
59 105 24
118 165 36
154 44 11
156 55 31
54 153 26
154 37 21
2 188 12
169 103 26
151 67 8
100 132 38
192 159 8
104 55 37
137 79 12
130 69 13
129 166 9
44 30 17
14 114 36
121 15 8
150 118 51
198 175 39
37 112 41
144 12 45
32 125 12
158 179 4
66 11 29
152 179 48
188 189 2
23 198 10
82 93 51
188 62 5
57 79 40
6 166 12
157 168 8
191 25 50
92 34 27
178 134 47
125 22 31
162 2 18
21 23 27
119 158 38
26 182 15
116 26 35
170 47 1
134 165 51
70 137 11
94 129 3
111 50 20
154 49 26
64 165 29
13 151 19
169 125 44
47 112 47
29 22 41
87 154 21
69 30 41
13 139 33
74 43 25
24 142 23
175 177 19
103 12 46
174 34 38
37 166 26
108 45 38
37 135 18
83 139 34
160 124 36
143 79 9
61 170 5
45 195 7
143 187 5
124 55 32
191 160 4
90 33 17
78 153 23
1 139 3
77 185 49
50 89 39
15 163 45
176 52 48
10 191 6
40 106 44
56 140 49
100 9 30
137 55 34
142 47 20
95 79 22
36 86 14
118 17 33
111 115 3
132 197 19
82 143 13
117 194 49
135 124 25
84 130 5
47 41 43
64 120 32
141 125 5
135 70 3
71 140 22
67 70 17
95 17 39
29 51 35
6 25 15
68 196 21
59 68 19
20 65 15
180 39 1
1 101 51
75 61 9
173 38 21
195 20 36
3 56 28
61 145 38
143 199 29
20 37 12
78 144 8
82 10 21
37 66 47
18 1 20
198 31 16
25 82 15
3 122 18
174 66 12
32 169 33
165 127 2
24 162 46
83 11 24
44 10 51
96 101 42
105 148 37
40 182 27
179 9 45
104 41 47
134 197 4
30 24 10
163 31 49
86 169 34
143 64 16
38 47 46
41 122 11
182 171 49
188 124 43
88 43 50
3 178 23
31 13 39
114 44 33
167 82 15
197 151 21
49 108 39
140 94 21
183 134 10
139 33 26
62 145 36
49 9 29
9 23 4
10 170 34
35 159 45
186 94 9
36 133 25
84 174 15
1 164 3
122 180 2
104 150 19
82 34 2
59 124 36
51 34 22
167 178 11
70 99 49
117 90 38
127 100 12
22 8 48
176 114 25
137 15 37
39 142 42
185 164 9
164 54 20
159 8 22
83 132 15
72 88 19
120 176 12
158 64 26
6 190 34
59 115 51
30 195 48
162 83 20
53 186 30
91 75 37
37 124 33
97 47 7
159 174 32
199 46 33
167 31 17
162 29 17
153 166 13
113 182 23
72 20 20
79 53 21
198 87 35
85 122 49
90 182 41
131 179 12
199 72 19
85 158 34
120 69 48
93 7 43
17 158 35
85 113 21
122 1 46
52 173 25
185 53 24
89 177 18
88 41 1
151 66 33
4 195 37
33 101 3
78 180 9
39 84 47
109 136 17
104 17 43
142 162 18
189 198 5
115 46 7
81 47 35
65 152 4
79 145 42
188 24 9
175 28 28
110 192 39
14 73 34
122 35 41
99 155 2
128 167 42
117 14 36
196 139 40
151 134 29
137 142 46
109 118 46
33 1 12
16 18 3
189 101 19
21 158 7
158 84 24
54 45 36
196 13 2
31 16 14
138 91 44
132 15 35
5 137 40
60 199 39
32 133 19
123 6 34
143 63 9
144 91 40
122 140 39
88 10 49
40 8 3
39 183 48
171 177 7
143 97 23
108 123 26
155 24 48
149 140 7
114 25 31
170 122 38
20 48 9
167 129 45
8 7 21
149 175 25
54 181 7
159 24 6
62 146 33
162 31 39
48 178 33
159 175 25
168 34 7
116 87 24
80 138 8
74 184 49
52 78 1
179 76 42
74 101 2
41 189 20
133 164 4
83 198 19
93 139 39
55 186 5
193 114 34
20 3 6
48 139 20
103 39 5
183 18 19
142 89 44
164 35 16
72 28 32
47 50 49
39 109 41
137 57 8
51 36 14
179 89 15
23 80 47
23 68 11
75 10 15
23 138 10
41 21 30
191 12 12
66 36 48
55 188 37
187 156 23
143 153 5
194 144 45
122 152 36
77 109 50
65 106 48
154 134 19
40 49 24
71 128 26
161 129 26
134 156 36
1 193 27
4 193 24
182 108 20
101 122 13
38 75 39
132 187 4
180 4 8
103 97 32
71 143 43
180 181 27
85 70 20
84 171 40
186 74 45
64 19 7
84 112 25
74 34 19
23 95 10
155 102 10
106 166 45
196 127 13
8 146 27
59 108 14
175 118 19
100 198 24
6 159 37
41 24 32
164 158 11
174 149 9
125 18 25
144 125 4
117 142 29
142 58 23
37 45 23
1 142 33
28 178 22
110 14 35
166 163 21
148 13 18
53 30 10
190 32 15
60 97 10
84 51 3
39 11 7
66 138 45
10 99 12
18 97 51
132 82 3
163 76 49
82 53 33
140 1 44
151 162 7
168 125 22
80 108 7
144 95 47
173 30 25
50 80 13
87 78 46
33 165 45
98 106 8
145 169 13
46 2 20
144 135 45
187 162 10
47 76 39
114 18 2
65 199 42
133 191 12
84 191 36
86 51 26
5 131 13
117 34 2
174 64 32
95 82 28
90 106 12
194 128 48
134 54 1
41 74 3
67 51 33
133 16 41
71 127 36
61 131 43
47 84 24
146 76 39
43 108 19
121 73 42
174 48 19
176 119 39
95 114 42
2 163 20
183 103 19
158 94 44
115 64 32
98 5 29
87 92 41
70 123 44
171 11 12
20 12 31
69 68 9
53 28 31
172 23 40
62 33 23
11 105 23
192 3 21
23 160 2
88 1 4
103 69 19
102 118 38
74 94 32
69 44 30
70 3 21
172 91 18
10 167 19
186 178 40
103 34 29
83 32 8
163 95 3
98 131 16
175 68 18
117 80 44
187 174 28
152 190 44
168 1 33
199 77 32
48 54 11
17 76 10
48 73 23
108 87 23
168 52 49
16 72 27
39 160 38
23 56 42
183 124 24
192 105 37
92 177 28
26 103 22
43 20 48
29 69 42
35 147 37
4 52 1
147 74 43
108 188 8
94 153 14
14 7 7
160 4 34
33 80 42
24 111 2
18 186 17
160 184 33
183 62 46
13 67 45
71 186 6
105 135 24
58 31 25
170 161 50
145 180 26
72 135 41
9 1 46
194 21 48
42 80 13
77 104 43
107 184 32
42 167 32
76 162 17
114 38 27
87 182 27
109 31 37
96 161 22
124 167 27
171 81 2
3 198 35
149 68 23
91 162 42
139 9 6
3 84 24
120 53 36
157 55 22
153 11 49
55 44 48
150 139 36
102 50 34
166 1 46
136 26 25
127 16 26
25 155 27
21 145 51
24 22 47
56 79 51
135 71 38
169 102 50
49 79 5
46 88 2
28 38 21
185 100 19
40 121 36
92 22 20
139 80 41
188 83 25
157 5 38
57 35 13
119 199 39
166 56 49
100 25 27
40 151 18
21 137 3
21 128 25
53 39 7
44 51 41
67 37 44
60 127 5
124 134 35
129 165 41
156 43 29
97 188 20
152 138 33
114 49 43
96 114 5
67 42 18
175 41 37
61 3 29
184 78 4
96 16 10
191 197 16
194 78 12
47 183 30
134 157 48
123 64 45
123 22 15
184 21 28
178 153 3
163 34 18
135 46 35
86 73 40
42 65 36
64 121 42
141 178 22
20 61 45
119 1 46
28 99 1
86 91 30
131 63 51
75 83 49
103 46 16
128 175 12
194 44 40
48 108 44
197 104 17
106 57 18
132 130 12
138 109 38
46 150 4
114 122 10
28 181 36
176 57 49
66 157 3
159 121 9
13 90 35
27 181 47
135 43 37
9 19 34
195 19 38
128 35 9
122 81 37
35 29 29
48 145 4
152 38 2
186 43 16
169 1 33
9 120 4
137 37 20
175 163 8
10 43 35
107 131 46
1 158 25
94 116 33
22 27 51
42 27 41
86 131 38
141 151 4
144 163 1
187 136 50
95 28 31
186 5 34
90 134 14
7 153 24
72 67 36
93 128 41
179 32 11
134 86 14
46 74 35
193 81 25
95 61 30
190 63 51
148 117 22
106 24 8
140 30 18
189 184 33
106 58 12
120 67 10
151 6 45
156 106 44
193 127 47
125 129 23
189 30 28
85 33 39
6 161 12
165 158 36
28 35 11
172 120 6
91 87 11
108 191 15
198 169 47
64 91 43
61 106 21
11 199 49
35 100 50
199 196 33
121 174 6
144 193 33
165 126 11
8 181 45
64 162 8
147 7 3
32 68 25
42 45 28
174 113 5
154 97 45
23 171 30
58 85 17
155 126 3
3 132 12
15 65 3
66 161 25
129 93 51
22 105 20
107 185 38
69 199 48
169 140 36
115 138 7
147 176 25
77 95 7
158 127 17
128 37 8
164 106 31
139 30 28
65 81 51
137 135 30
119 17 17
38 97 41
39 1 51
174 26 40
87 3 24
102 57 43
46 175 50
82 3 46
179 5 17
7 102 5
130 10 1
43 103 37
98 171 22
9 10 45
76 127 26
192 19 24
135 121 20
127 122 24
38 63 47
165 52 30
85 9 41
142 130 45
106 144 24
3 59 21
30 52 4
85 24 11
61 96 24
172 19 7
182 168 1
47 169 35
84 193 17
9 107 29
49 143 39
86 68 8
68 119 48
135 66 8
125 122 11
7 64 19
4 129 6
101 44 50
118 179 43
186 35 20
105 124 38
37 22 1
85 102 32
142 163 8
115 177 34
50 147 27
82 84 3
177 11 45
138 97 9
193 9 1
139 146 39
166 46 29
92 123 3
197 192 32
29 21 5
60 125 35
183 92 14
134 176 12
17 71 3
144 126 34
132 196 32
118 151 31
162 107 20
115 148 8
94 157 24
116 95 43
107 27 42
101 106 1
36 48 39
182 121 44
10 185 17
74 2 49
4 22 39
158 176 2
95 103 44
147 130 44
81 1 19
145 123 34
4 5 6
165 15 6
142 60 11
23 37 10
159 22 7
55 86 41
75 26 17
9 187 14
97 27 3
69 109 12
131 3 37
196 174 41
10 73 24
30 156 49
9 196 50
186 192 5
184 71 7
174 179 38
95 174 20
3 86 28
151 83 33
190 126 44
65 157 44
34 128 29
157 79 1
105 108 25
151 75 15
36 15 20
186 114 9
20 73 32
25 138 42
188 61 49
36 9 19
90 12 44
197 35 44
110 171 12
82 96 38
50 22 6
99 183 25
62 99 4
44 100 14
192 25 24
4 92 4
103 129 1
83 178 40
16 49 42
145 12 3
79 189 50
69 1 10
161 166 21
178 130 30
83 150 36
193 92 43
4 125 20
76 77 4
177 192 22
170 81 19
184 172 43
4 43 29
92 188 48
3 69 9
194 86 31
13 39 37
141 124 15
64 2 45
127 144 19
198 177 44
48 25 48
6 95 20
52 15 2
106 5 46
114 131 10
157 148 14
101 164 43
19 106 50
95 32 34
66 50 19
95 19 9
147 24 19
69 187 23
75 122 21
198 34 30
137 110 28
169 71 49
104 72 11
140 74 48
114 72 33
184 23 45
165 124 26
173 122 13
80 85 27
37 19 22
89 194 11
96 90 3
5 113 21
81 63 48
182 100 8
68 114 38
28 60 4
3 130 23
159 171 3
76 62 44
118 140 16
165 19 8
150 20 41
115 37 5
82 126 38
83 182 43
52 16 36
169 109 22
134 144 27
193 16 49
24 51 39
78 49 19
23 15 17
123 85 38
32 14 1
157 189 28
166 116 10
168 193 51
113 101 13
92 175 5
20 142 37
76 155 23
44 149 22
14 37 15
142 144 3
85 112 21
150 152 49
33 124 49
171 118 11
193 23 6
39 173 17
81 6 4
114 185 10
13 103 35
8 156 18
160 71 43
171 67 7
13 88 39
171 24 8
192 141 41
109 199 9
95 133 1
117 111 34
68 16 31
139 72 10
1 159 10
47 130 26
127 141 3
6 103 43
178 165 8
47 70 48
23 186 1
19 83 26
122 77 32
37 55 51
193 131 13
169 156 42
176 108 43
166 175 8
118 122 43
59 128 3
185 91 38
190 15 18
141 86 12
95 50 51
2 30 42
36 152 40
68 157 3
117 82 34
151 185 8
146 101 45
24 100 11
169 23 47
117 1 22
186 170 43
103 196 48
152 128 15
1 22 38
98 87 39
97 136 26
199 183 40
64 182 18
6 143 39
197 14 41
28 142 37
59 81 8
121 192 15
96 33 34
11 120 43
103 178 47
118 191 51
121 107 26
111 161 3
46 77 10
29 2 46
36 174 19
112 178 31
9 13 11
45 31 16
95 194 37
88 8 44
100 112 28
112 60 28
164 61 12
28 86 1
131 104 17
46 181 14
12 75 6
163 48 1
162 42 4
137 192 22
138 99 37
64 47 2
174 7 20
174 165 39
62 169 49
171 78 28
131 110 43
55 59 27
56 169 20
117 167 36
154 178 10
28 165 38
34 57 14
176 101 17
187 111 22
55 116 25
12 189 32
186 1 25
40 163 22
177 104 3
117 172 6
72 130 5
133 24 44
120 61 7
35 192 19
44 6 9
25 194 4
135 195 25
112 64 19
7 149 16
63 101 19
180 32 46
65 49 23
132 133 26
149 96 31
123 148 33
76 28 50
191 32 51
75 47 2
189 74 30
4 197 18
7 91 20
6 142 51
74 37 10
11 174 2
100 22 30
13 162 39
11 26 35
195 181 2
172 109 21
147 46 39
180 41 51
17 14 50
159 133 9
193 39 25
50 90 31
98 139 31
145 178 12
118 139 10
130 108 32
86 67 6
165 75 43
124 21 37
19 127 37
179 84 23
150 13 28
195 119 33
91 102 48
142 122 46
167 47 32
150 190 30
149 49 33
80 76 30
187 168 20
45 9 30
56 130 30
72 6 23
114 40 10
26 84 7
90 160 36
65 83 9
137 93 50
42 91 10
16 77 24
90 156 41
72 33 42
191 146 47
2 61 13
173 155 13
51 101 40
18 149 1
57 163 6
135 55 5
135 101 35
182 56 37
9 39 39
93 175 28
197 31 9
117 151 7
151 29 33
9 68 7
109 125 10
150 122 36
55 113 2
65 188 48
187 14 9
3 74 27
145 44 9
15 51 6
85 125 36
131 119 15
158 81 32
140 137 25
67 38 46
153 114 44
135 90 48
153 133 3
176 33 26
76 166 41
46 180 10
9 104 47
2 50 36
124 70 8
92 160 38
41 167 18
42 144 47
74 142 46
76 78 14
131 168 46
120 47 13
42 172 10
174 125 29
196 21 26
141 150 46
189 109 38
115 83 21
185 22 17
154 96 3
162 173 29
46 5 9
183 121 44
113 134 47
137 64 16
67 197 21
6 83 35
118 76 28
3 29 5
78 110 47
47 110 28
56 44 33
155 78 38
53 100 40
115 185 14
132 188 5
56 91 44
9 119 44
77 84 35
158 132 33
181 93 16
77 166 39
105 54 45
60 183 46
74 103 45
170 35 45
76 88 11
111 48 33
145 28 50
21 190 32
86 65 40
149 122 39
85 139 9
150 117 21
96 156 30
1 182 47
161 84 44
42 77 31
9 77 8
54 117 31
11 18 13
72 106 18
57 16 32
135 145 45
115 105 20
82 88 43
104 180 7
163 58 19
89 31 2
124 36 44
89 117 36
137 177 11
120 107 29
78 46 27
48 112 21
194 83 46
141 188 38
121 134 16
15 69 17
199 92 47
126 175 44
106 34 37
134 184 27
71 8 12
157 87 16
198 69 38
82 73 25
177 136 20
118 163 23
60 180 18
170 44 28
170 147 21
97 71 18
65 89 19
174 35 44
151 87 24
193 32 46
159 185 41
189 100 41
115 98 30
101 3 34
121 82 44
49 119 3
1 7 47
64 161 34
57 31 13
37 75 39
91 130 16
56 46 49
182 105 50
65 139 6
129 54 5
17 79 28
51 153 15
25 116 19
120 37 19
157 123 27
147 134 44
48 177 7
185 187 14
92 80 50
156 72 39
124 46 20
100 152 12
120 127 10
178 69 10
23 112 31
78 150 47
76 188 51
94 100 5
8 66 22
144 158 28
164 161 38
22 86 30
140 86 32
62 116 50
104 138 31
89 198 26
153 163 34
106 2 17
109 66 12
59 97 12
139 131 18
144 75 50
189 174 12
111 106 6
173 55 2
33 157 33
49 142 46
8 51 49
61 175 51
105 118 50
134 136 36
144 116 22
158 80 31
109 82 28
126 29 32
99 182 32
29 53 46
84 131 27
115 196 15
63 21 6
189 80 3
129 199 7
27 55 27
112 49 27
28 66 4
84 28 1
179 39 45
54 112 20
159 34 5
98 142 25
168 76 9
158 3 4
105 94 26
41 18 11
172 93 37
191 5 4
8 172 1
197 89 38
134 104 38
132 105 30
42 188 4
33 199 2
36 161 31
177 139 41
6 13 9
120 124 2
186 67 48
131 198 16
172 82 15
79 186 7
70 48 2
187 107 2
180 142 17
109 198 35
157 141 47
94 139 13
59 185 29
113 144 48
90 103 21
53 42 35
36 32 51
111 70 20
31 76 20
166 61 51
160 193 25
23 45 17
74 83 17
35 114 47
48 187 49
28 88 41
152 14 50
135 50 41
186 160 37
169 11 6
174 134 4
30 80 17
128 88 17
94 31 5
163 133 6
195 48 20
156 24 29
128 179 36
59 9 42
74 79 42
102 68 28
26 17 13
70 55 43
152 3 41
69 67 25
17 155 36
68 147 1
45 157 8
71 51 2
130 80 23
96 8 48
104 66 2
128 192 36
185 132 38
67 21 33
105 162 21
133 177 2
58 51 6
60 56 40
44 54 32
91 1 48
99 91 14
16 187 20
22 177 18
127 45 9
13 153 47
99 120 14
70 37 3
111 136 27
160 196 2
109 13 26
56 158 11
37 163 49
49 61 11
118 90 30
168 196 49
82 134 38
174 42 49
95 119 15
168 20 14
18 111 38
86 139 35
64 131 46
109 21 34
31 142 1
180 185 11
39 124 44
171 172 5
150 1 7
144 96 30
142 27 16
119 194 23
145 125 25
8 166 43
156 25 26
94 112 25
33 109 3
56 106 5
28 106 51
113 21 5
25 57 17
8 130 51
70 159 9
124 175 18
148 133 30
1 72 37
12 14 1
196 143 45
21 62 9
74 85 13
191 145 6
109 8 18
28 67 27
112 134 26
174 81 20
140 53 26
126 170 23
102 148 2
126 53 37
95 145 11
55 138 36
113 177 28
7 140 26
155 7 48
158 181 24
49 30 18
176 107 16
67 10 43
162 86 44
43 189 6
35 43 5
44 15 22
123 105 34
73 16 7
28 134 45
19 120 15
127 139 4
111 32 42
42 100 41
70 78 20
100 31 16
27 119 14
146 58 23
191 169 5
25 136 14
61 101 47
43 86 46
151 105 48
70 65 39
43 37 51
48 121 11
19 145 7
173 44 2
174 89 27
17 39 43
74 170 36
23 63 47
135 4 8
49 12 10
176 182 27
98 167 14
29 140 40
128 156 7
69 51 37
86 13 6
44 159 41
191 174 39
58 67 45
90 108 40
199 12 39
154 39 39
96 22 27
128 147 48
80 110 19
180 189 49
171 127 2
120 21 20
1 93 2
172 143 29
174 67 2
191 104 23
138 58 18
40 17 28
158 115 16
38 7 1
30 96 24
44 5 28
185 182 10
164 160 37
79 152 35
47 83 38
174 51 32
54 169 28
80 153 20
16 132 42
57 63 2
62 108 33
4 26 25
28 83 16
10 140 10
125 38 4
74 150 34
153 196 49
49 80 22
90 63 51
133 18 19
19 163 37
96 26 5
63 174 10
129 187 23
106 155 46
140 107 22
7 90 49
86 98 45
100 82 19
141 109 49
158 71 8
147 124 4
69 190 3
162 40 1
97 51 27
152 57 4
23 29 4
16 3 30
20 148 19
13 38 6
69 105 2
148 64 49
110 126 32
89 64 9
129 31 20
139 151 34
166 152 3
155 12 22
171 125 15
21 80 14
168 183 49
136 22 12
76 139 22
77 90 24
194 165 4
4 170 43
78 168 24
174 185 22
44 74 42
30 34 21
138 164 11
100 7 24
29 115 44
32 37 21
42 120 48
6 108 20
119 180 28
84 100 6
5 73 6
27 112 12
85 106 48
150 127 49
185 92 22
143 93 46
174 145 12
15 155 48
7 182 43
3 139 13
87 183 16
149 66 18
110 92 40
109 182 42
120 146 8
168 45 35
12 175 43
59 174 8
144 32 43
100 85 36
192 150 30
170 164 43
182 135 37
69 117 8
71 137 10
13 141 23
129 2 47
81 131 51
100 159 23
174 13 34
120 13 20
196 170 21
69 135 14
169 95 20
26 197 19
127 178 13
161 23 9
149 45 11
96 38 4
168 19 20
137 82 20
121 144 37
129 172 24
140 126 47
21 179 25
93 190 2
44 115 10
194 175 48
146 89 10
152 51 43
75 155 43
70 108 14
192 50 28
77 60 35
2 173 37
60 132 8
5 153 36
73 189 19
50 198 48
147 140 3
178 137 2
71 130 41
139 49 16
176 8 13
122 4 21
14 137 37
72 105 8
144 154 24
35 39 24
124 20 41
95 143 1
118 77 32
30 29 20
91 146 34
48 151 8
198 53 29
117 7 17
100 137 22
104 121 33
161 17 43
39 101 45
82 59 45
196 37 41
157 97 1
193 49 39
3 88 1
21 10 40
41 147 30
94 104 41
46 109 16
117 184 27
20 151 5
160 41 9
97 101 5
150 37 38
87 16 20
47 63 48
67 15 9
45 140 35
65 142 32
185 62 37
187 87 18
152 17 12
102 111 18
164 30 9
110 73 12
25 11 15
39 114 34
120 164 5
167 130 29
38 29 23
22 20 43
28 10 47
26 104 16
163 10 27
187 147 8
161 88 18
64 118 27
77 2 40
85 124 44
19 110 37
154 101 37
2 3 22
152 98 48
10 172 6
41 57 4
101 57 47
19 81 8
59 192 1
136 40 4
136 50 33
83 157 18
160 87 48
63 70 31
38 168 38
153 121 11
55 194 37
89 138 42
58 158 3
82 68 35
138 87 31
137 183 44
73 162 17
76 110 21
57 153 23
136 78 7
121 123 51
196 187 17
196 43 31
165 41 5
23 49 47
40 67 43
34 18 15
192 167 9
136 114 10
191 33 47
165 30 38
132 61 13
106 12 9
72 129 4
59 151 40
50 31 36
90 174 17
4 95 9
80 58 39
17 94 46
138 112 16
129 39 44
71 81 14
70 82 26
179 182 14
16 110 45
34 43 36
170 30 50
38 119 42
10 78 23
174 173 17
161 127 42
160 28 45
80 147 39
160 181 19
61 144 3
40 78 45
57 48 45
147 197 51
49 71 32
111 112 23
64 15 46
146 86 39
162 14 25
74 23 12
160 20 51
181 23 51
157 91 10
69 83 17
189 39 44
138 158 1
40 69 18
165 23 43
85 39 43
91 134 23
28 68 34
25 126 5
121 160 25
12 116 3
48 46 41
114 32 38
173 164 21
90 186 37
97 91 32
27 102 10
128 190 41
189 23 30
28 156 9
19 14 2
6 117 5
57 165 7
190 44 32
7 30 39
123 88 46
77 192 17
87 25 38
120 111 45
26 12 32
198 32 10
170 167 27
160 24 29
29 90 36
125 121 18
23 105 16
193 194 10
45 67 8
144 50 13
170 1 7
189 118 9
171 36 34
194 146 43
102 191 44
168 82 44
183 188 11
72 171 13
82 55 31
75 140 36
29 26 47
137 169 28
2 14 12
70 101 21
105 111 50
71 113 14
33 60 37
69 133 12
21 164 29
178 6 30
57 84 31
108 23 25
163 119 36
193 2 48
175 7 45
152 116 33
98 164 41
9 25 6
176 186 10
124 5 36
57 90 7
163 185 10
8 85 11
129 132 48
6 149 45
134 123 33
75 17 41
70 152 7
56 5 25
98 41 33
21 4 38
134 137 31
179 85 2
144 17 30
156 47 35
152 73 27
90 129 23
32 22 26
152 77 6
168 126 28
77 163 13
194 8 12
8 150 19
112 116 33
35 61 47
65 136 43
190 23 7
87 13 49
80 25 26
126 189 43
186 16 4
53 173 39
8 104 30
37 101 32
6 191 33
176 148 26
156 125 47
157 8 27
81 32 47
194 181 42
78 118 18
88 50 42
160 134 18
188 165 7
195 58 10
32 84 50
86 137 42
190 118 30
149 111 22
3 164 24
175 10 32
82 182 18
130 74 10
96 73 17
59 194 12
68 7 37
152 146 37
133 180 25
39 194 23
7 119 47
158 16 36
129 111 18
168 180 7
57 39 50
132 97 43
197 78 13
52 40 4
175 100 22
73 106 48
185 9 6
177 127 33
49 76 47
113 11 43
76 170 39
42 170 1
48 135 31
180 148 27
167 69 8
86 118 2
122 181 33
41 62 18
30 198 49
194 126 14
193 161 22
60 135 2
26 61 38
102 140 9
143 133 9
10 122 8
94 195 8
132 33 50
56 179 8
23 8 42
138 54 22
100 36 15
116 54 51
174 146 5
103 8 14
102 31 30
145 168 10
115 166 24
190 26 50
156 64 19
1 50 1
55 166 28
62 177 21
71 80 47
22 186 24
121 141 12
107 152 24
23 79 2
165 146 35
31 169 32
123 109 6
178 133 27
55 80 37
113 70 43
71 103 29
149 81 9
101 15 33
198 4 35
135 41 45
63 107 29
174 115 13
110 132 24
79 161 8
136 103 1
169 119 1
19 28 9
22 130 18
74 112 19
186 21 49
53 70 47
46 133 15
54 40 22
27 91 7
139 73 14
199 192 47
61 103 1
171 103 41
122 163 20
22 165 42
67 168 10
61 37 43
150 48 11
42 109 3
160 142 35
13 146 1
87 68 34
83 50 36
119 44 33
181 168 41
152 53 2
167 97 29
1 126 31
158 66 34
28 133 21
125 128 37
77 71 43
36 138 14
153 30 33
63 188 50
94 2 12
3 110 45
105 161 27
88 6 11
190 40 51
155 80 24
10 103 16
131 190 34
70 79 10
8 124 45
44 14 4
188 8 19
194 27 11
65 123 49
106 168 43
62 51 26
167 188 39
122 172 41
102 100 22
192 122 18
64 31 3
53 81 39
129 154 9
37 186 17
159 86 20
136 30 25
155 68 51
147 191 32
123 184 20
94 1 16
102 149 10
199 37 30
154 57 16
70 150 5
120 179 41
156 129 18
86 4 1
122 42 12
173 195 28
72 59 6
42 41 39
55 71 29
81 135 50
99 146 4
138 88 34
159 12 51
164 48 36
189 27 12
31 67 40
88 178 32
114 151 29
75 36 25
70 187 10
169 15 39
191 144 48
35 95 15
194 65 24
102 129 21
3 184 6
61 85 45
178 52 37
3 180 48
174 169 35
135 63 29
153 145 16
59 139 30
34 108 26
149 128 12
148 171 4
156 143 10
151 8 21
179 105 24
167 49 28
103 16 9
124 84 15
39 94 14
54 136 31
22 118 11
111 122 14
86 62 35
168 165 12
43 185 11
158 97 26
2 141 5
126 35 40
73 72 17
7 46 37
99 151 47
32 134 25
125 180 35
39 64 26
84 21 37
195 86 39
97 129 10
139 125 7
168 184 22
50 36 19
42 118 5
29 143 6
129 88 2
45 32 15
107 104 39
160 120 6
145 82 4
112 91 30
41 6 14
107 95 36
104 79 50
152 58 13
122 22 30
126 22 20
117 17 32
114 133 24
2 196 33
68 79 7
149 146 9
119 192 11
5 126 13
76 135 36
79 173 31
189 112 51
133 119 35
105 29 7
186 175 28
32 185 10
45 175 6
43 127 21
178 55 35
159 78 12
103 65 21
81 77 8
32 10 31
117 9 31
154 192 8
77 157 46
76 113 36
67 73 36
2 184 20
108 50 31
24 45 8
112 83 38
42 25 23
58 69 34
20 98 11
115 95 34
20 54 32
4 105 36
87 19 25
105 79 32
30 163 36
95 159 13
116 167 47
167 53 32
3 146 38
159 101 29
18 198 45
99 110 3
170 158 34
98 144 1
71 1 18
73 22 16
60 26 7
68 156 13
21 108 30
46 68 40
66 27 37
129 57 9
63 12 28
155 134 25
117 181 24
199 28 18
85 76 9
127 126 25
126 64 41
181 131 19
120 73 35
88 155 41
92 1 41
68 85 9
179 186 5
196 149 28
141 182 23
72 52 33
36 43 7
193 61 22
47 73 11
123 186 28
9 198 51
40 141 44
79 38 43
179 88 49
171 5 29
6 195 34
140 114 18
89 136 6
99 45 2
68 35 38
134 105 51
125 114 42
139 194 22
173 76 33
114 69 34
58 178 38
112 126 21
76 42 14
63 20 25
123 166 27
156 38 19
198 179 34
93 155 44
92 152 39
126 128 33
77 187 18
186 33 9
72 198 38
106 8 42
162 36 36
184 25 20
6 186 29
117 35 18
106 199 29
7 35 2
146 166 31
24 168 9
8 179 32
122 171 45
18 103 51
149 106 26
45 156 49
44 186 21
139 157 15
176 82 19
26 19 25
153 107 7
60 43 35
190 119 37
55 8 4
95 101 36
9 192 35
181 56 39
115 164 18
92 171 48
49 21 19
150 77 9
186 80 14
181 132 12
40 192 26
132 108 18
171 143 7
94 181 14
113 143 5
194 171 36
76 37 16
141 53 20
143 84 42
175 156 27
144 9 1
20 114 30
25 4 19
47 59 12
193 191 44
186 59 11
197 55 41
