50
0 595 706 37 690 787 802 437 111 910 369 418 716 565 682 34 248 655 270 814 52 64 728 573 656 207 830 493 784 264 282 542 13 931 187 78 862 826 135 231 154 239 129 531 13 705 865 183 776 196 
595 0 812 677 225 732 65 366 667 397 76 136 47 571 330 409 747 643 345 830 603 69 303 645 256 175 703 392 162 793 534 664 814 708 865 919 460 579 78 505 221 729 224 921 88 879 111 288 849 205 
706 812 0 86 245 278 825 38 484 485 220 941 176 212 582 184 668 616 379 801 928 857 39 308 570 769 473 771 915 723 933 427 796 694 392 812 492 778 947 718 459 440 149 449 812 565 430 358 575 654 
37 677 86 0 543 968 188 973 402 207 339 611 195 253 415 729 774 881 566 727 917 980 10 716 894 177 978 428 62 471 518 209 974 963 481 98 999 813 640 324 456 99 42 955 323 98 261 986 53 972 
690 225 245 543 0 54 203 43 143 618 604 933 434 712 990 665 9 696 596 641 563 949 364 718 423 241 52 196 749 757 651 89 30 148 133 37 872 267 811 515 449 13 740 456 756 806 668 992 172 490 
787 732 278 968 54 0 470 108 408 962 547 102 699 44 931 34 636 9 137 590 896 107 888 592 763 490 408 552 387 619 587 66 339 245 580 665 729 251 697 155 212 931 70 550 535 241 28 980 238 90 
802 65 825 188 203 470 0 705 4 640 551 75 485 199 440 261 889 866 643 117 597 644 886 163 14 786 620 188 714 577 499 169 926 688 19 173 782 888 495 654 320 517 613 451 598 647 558 613 194 809 
437 366 38 973 43 108 705 0 422 837 698 341 74 931 188 345 391 935 161 412 682 161 354 551 371 843 192 131 130 586 463 268 739 488 22 539 941 163 63 878 847 146 790 351 146 109 930 827 596 41 
111 667 484 402 143 408 4 422 0 590 621 7 489 37 89 953 878 668 442 777 888 645 75 344 83 835 922 209 774 257 372 489 5 755 949 896 43 708 301 776 117 518 635 671 925 453 909 712 151 384 
910 397 485 207 618 962 640 837 590 0 11 80 173 911 814 602 514 0 456 408 265 126 831 850 390 541 401 866 985 163 944 676 501 788 644 545 24 977 450 890 197 463 447 511 609 904 688 944 958 486 
369 76 220 339 604 547 551 698 621 11 0 722 968 117 234 763 60 488 927 760 594 696 398 814 821 420 163 199 729 230 86 964 44 31 901 386 337 828 533 595 801 864 0 762 600 85 582 671 941 539 
418 136 941 611 933 102 75 341 7 80 722 0 41 991 786 721 814 769 341 218 498 803 906 63 189 190 17 261 100 816 631 416 593 850 719 100 270 644 891 578 312 870 609 705 833 943 551 456 527 380 
716 47 176 195 434 699 485 74 489 173 968 41 0 683 610 382 738 527 777 977 57 726 648 268 992 18 715 225 404 356 887 665 95 755 280 94 75 407 461 212 878 652 23 237 494 542 877 484 311 417 
565 571 212 253 712 44 199 931 37 911 117 991 683 0 193 799 858 772 306 466 860 806 246 879 164 565 706 338 293 928 485 685 384 462 49 138 667 922 780 238 386 459 458 441 900 752 83 228 993 907 
682 330 582 415 990 931 440 188 89 814 234 786 610 193 0 820 674 252 960 627 912 378 967 811 649 679 728 960 431 22 90 137 319 789 240 584 839 425 325 464 280 947 317 307 762 325 306 610 366 708 
34 409 184 729 665 34 261 345 953 602 763 721 382 799 820 0 657 400 825 66 160 711 680 540 698 329 727 636 199 786 282 406 715 164 140 535 348 203 123 751 599 965 289 874 211 742 209 99 297 64 
248 747 668 774 9 636 889 391 878 514 60 814 738 858 674 657 0 53 159 522 793 971 957 119 543 548 398 803 983 640 997 402 670 954 567 714 326 130 695 570 768 528 865 890 528 579 656 397 209 873 
655 643 616 881 696 9 866 935 668 0 488 769 527 772 252 400 53 0 407 195 844 803 522 988 180 986 396 604 42 186 296 509 755 796 640 662 874 815 246 118 19 864 745 410 779 586 479 978 978 255 
270 345 379 566 596 137 643 161 442 456 927 341 777 306 960 825 159 407 0 575 923 45 354 629 75 193 186 475 133 41 455 333 147 467 737 160 179 555 573 303 778 900 249 157 652 1 662 805 997 350 
814 830 801 727 641 590 117 412 777 408 760 218 977 466 627 66 522 195 575 0 476 37 921 788 900 877 980 233 719 712 148 764 560 726 425 112 831 595 139 209 651 207 378 796 868 476 430 808 775 133 
52 603 928 917 563 896 597 682 888 265 594 498 57 860 912 160 793 844 923 476 0 57 996 481 6 225 433 424 554 841 425 704 676 984 960 780 876 915 21 904 811 887 733 375 799 961 762 834 393 577 
64 69 857 980 949 107 644 161 645 126 696 803 726 806 378 711 971 803 45 37 57 0 360 571 126 295 306 929 639 375 690 562 359 665 858 949 691 496 221 716 169 296 449 977 593 826 447 580 859 930 
728 303 39 10 364 888 886 354 75 831 398 906 648 246 967 680 957 522 354 921 996 360 0 775 107 440 879 484 918 473 865 150 731 676 915 738 586 577 244 315 344 764 789 129 933 296 302 276 291 266 
573 645 308 716 718 592 163 551 344 850 814 63 268 879 811 540 119 988 629 788 481 571 775 0 351 200 797 554 515 1 643 757 875 187 709 558 469 517 523 8 983 21 188 354 968 443 743 424 217 112 
656 256 570 894 423 763 14 371 83 390 821 189 992 164 649 698 543 180 75 900 6 126 107 351 0 770 188 622 478 322 283 451 943 585 632 665 605 640 780 728 365 320 134 120 19 446 178 845 662 563 
207 175 769 177 241 490 786 843 835 541 420 190 18 565 679 329 548 986 193 877 225 295 440 200 770 0 279 904 889 112 724 748 546 980 759 73 35 561 447 13 878 195 42 10 826 423 175 289 193 8 
830 703 473 978 52 408 620 192 922 401 163 17 715 706 728 727 398 396 186 980 433 306 879 797 188 279 0 714 830 44 71 156 247 376 227 647 893 229 261 770 774 341 841 188 640 491 754 192 657 778 
493 392 771 428 196 552 188 131 209 866 199 261 225 338 960 636 803 604 475 233 424 929 484 554 622 904 714 0 414 463 428 156 551 828 962 291 766 216 741 832 914 104 97 329 694 235 644 343 599 733 
784 162 915 62 749 387 714 130 774 985 729 100 404 293 431 199 983 42 133 719 554 639 918 515 478 889 830 414 0 662 771 897 493 52 155 611 280 117 846 241 462 493 783 724 211 375 47 880 807 967 
264 793 723 471 757 619 577 586 257 163 230 816 356 928 22 786 640 186 41 712 841 375 473 1 322 112 44 463 662 0 834 456 651 469 767 56 571 817 890 488 506 88 886 545 535 752 359 379 643 486 
282 534 933 518 651 587 499 463 372 944 86 631 887 485 90 282 997 296 455 148 425 690 865 643 283 724 71 428 771 834 0 875 481 621 542 611 539 951 138 735 767 720 577 727 761 954 5 765 900 589 
542 664 427 209 89 66 169 268 489 676 964 416 665 685 137 406 402 509 333 764 704 562 150 757 451 748 156 156 897 456 875 0 691 716 597 21 788 579 237 93 237 921 250 535 899 856 491 901 72 796 
13 814 796 974 30 339 926 739 5 501 44 593 95 384 319 715 670 755 147 560 676 359 731 875 943 546 247 551 493 651 481 691 0 876 509 66 86 161 866 775 953 227 109 421 639 82 37 134 154 949 
931 708 694 963 148 245 688 488 755 788 31 850 755 462 789 164 954 796 467 726 984 665 676 187 585 980 376 828 52 469 621 716 876 0 84 42 135 317 163 743 19 230 445 348 439 857 979 991 215 843 
187 865 392 481 133 580 19 22 949 644 901 719 280 49 240 140 567 640 737 425 960 858 915 709 632 759 227 962 155 767 542 597 509 84 0 613 922 603 387 645 157 19 702 456 906 313 619 547 210 482 
78 919 812 98 37 665 173 539 896 545 386 100 94 138 584 535 714 662 160 112 780 949 738 558 665 73 647 291 611 56 611 21 66 42 613 0 541 166 852 628 762 207 436 999 304 884 927 68 784 502 
862 460 492 999 872 729 782 941 43 24 337 270 75 667 839 348 326 874 179 831 876 691 586 469 605 35 893 766 280 571 539 788 86 135 922 541 0 551 440 51 824 78 457 199 853 789 399 534 52 548 
826 579 778 813 267 251 888 163 708 977 828 644 407 922 425 203 130 815 555 595 915 496 577 517 640 561 229 216 117 817 951 579 161 317 603 166 551 0 712 932 553 356 950 420 674 897 181 620 268 506 
135 78 947 640 811 697 495 63 301 450 533 891 461 780 325 123 695 246 573 139 21 221 244 523 780 447 261 741 846 890 138 237 866 163 387 852 440 712 0 319 61 527 843 115 951 809 698 893 228 308 
231 505 718 324 515 155 654 878 776 890 595 578 212 238 464 751 570 118 303 209 904 716 315 8 728 13 770 832 241 488 735 93 775 743 645 628 51 932 319 0 415 815 175 713 823 47 35 132 338 446 
154 221 459 456 449 212 320 847 117 197 801 312 878 386 280 599 768 19 778 651 811 169 344 983 365 878 774 914 462 506 767 237 953 19 157 762 824 553 61 415 0 201 3 77 928 505 798 282 68 613 
239 729 440 99 13 931 517 146 518 463 864 870 652 459 947 965 528 864 900 207 887 296 764 21 320 195 341 104 493 88 720 921 227 230 19 207 78 356 527 815 201 0 548 446 986 352 828 530 837 108 
129 224 149 42 740 70 613 790 635 447 0 609 23 458 317 289 865 745 249 378 733 449 789 188 134 42 841 97 783 886 577 250 109 445 702 436 457 950 843 175 3 548 0 159 33 752 131 272 245 62 
531 921 449 955 456 550 451 351 671 511 762 705 237 441 307 874 890 410 157 796 375 977 129 354 120 10 188 329 724 545 727 535 421 348 456 999 199 420 115 713 77 446 159 0 912 513 732 40 36 593 
13 88 812 323 756 535 598 146 925 609 600 833 494 900 762 211 528 779 652 868 799 593 933 968 19 826 640 694 211 535 761 899 639 439 906 304 853 674 951 823 928 986 33 912 0 32 23 887 908 572 
705 879 565 98 806 241 647 109 453 904 85 943 542 752 325 742 579 586 1 476 961 826 296 443 446 423 491 235 375 752 954 856 82 857 313 884 789 897 809 47 505 352 752 513 32 0 315 997 446 323 
865 111 430 261 668 28 558 930 909 688 582 551 877 83 306 209 656 479 662 430 762 447 302 743 178 175 754 644 47 359 5 491 37 979 619 927 399 181 698 35 798 828 131 732 23 315 0 694 564 343 
183 288 358 986 992 980 613 827 712 944 671 456 484 228 610 99 397 978 805 808 834 580 276 424 845 289 192 343 880 379 765 901 134 991 547 68 534 620 893 132 282 530 272 40 887 997 694 0 797 100 
776 849 575 53 172 238 194 596 151 958 941 527 311 993 366 297 209 978 997 775 393 859 291 217 662 193 657 599 807 643 900 72 154 215 210 784 52 268 228 338 68 837 245 36 908 446 564 797 0 435 
196 205 654 972 490 90 809 41 384 486 539 380 417 907 708 64 873 255 350 133 577 930 266 112 563 8 778 733 967 486 589 796 949 843 482 502 548 506 308 446 613 108 62 593 572 323 343 100 435 0 
49
0 1 2 3 4 5 6 7 8 9 10 11 12 13 14 15 16 17 18 19 20 21 22 23 24 25 26 27 28 29 30 31 32 33 34 35 36 37 38 39 40 41 42 43 44 45 46 47 48 $
49
0 1 2 3 4 5 6 7 8 9 10 11 12 13 14 15 $
49
0 1 2 3 4 5 6 7 8 9 $
